04 AK 1 (4684,3459) 58x94
04 AK 2 (3818,2602) 76x93
04 AK 3 (3996,1887) 78x92
04 AK 4 (3601,2172) 76x94
04 AK 5 (3264,1580) 78x94
04 AK 6 (2817,1281) 79x90
04 AK 7 (2820,872) 74x94
04 AK 8 (2309,1010) 79x92
04 AK 9 (2412,1297) 78x93
04 AK 10 (2552,1511) 108x94
04 AK 11 (2792,1902) 99x94
04 AK 12 (3226,1913) 108x94
04 AK 13 (2628,2290) 109x94
04 AK 14 (2454,2414) 105x93
04 AK 15 (3182,2708) 109x94
04 AK 16 (2896,2830) 109x94
04 AK 17 (2523,3154) 106x96
04 AK 18 (2623,3360) 109x94
04 AK 19 (3004,3406) 108x94
04 AK 20 (2661,3627) 117x93
04 AK 21 (2992,3631) 108x94
04 AK 22 (3254,3528) 120x98
04 AK 23 (3440,3597) 118x93
04 AK 24 (3151,3940) 114x95
04 AK 25 (3646,3459) 68x60
04 AK 26 (4225,3330) 118x93
04 AK 27 (4159,4241) 94x80
04 AK 28 (4014,4148) 97x78
04 AK 29 (4388,4136) 97x78
04 AK 30 (2242,4218) 118x92
04 AK 31 (1813,5688) 109x94
04 AK 32 (2940,5324) 118x93
04 AK 32 (1382,3283) 118x93
05 EX 1 (3183,6318) 112x170
05 EX 2 (4685,6924) 129x166
05 EX 3 (3526,5727) 132x169
05 EX 4 (5204,6859) 137x169
05 EX 5 (238,5880) 132x170
05 EX 6 (4078,3600) 132x170
05 EX 7 (7243,2867) 126x170
05 EX 8 (5629,5725) 133x169
05 EX 9 (5481,3731) 132x170
05 EX 10 (6355,3219) 207x171
05 EX 11 (5922,2400) 197x168
05 EX 12 (5283,2303) 206x170
05 EX 13 (2088,5879) 208x171
05 EX 14 (3028,3997) 209x170
05 EX 15 (2601,3830) 207x171
05 EX 16 (3303,4678) 173x141
05 EX 17 (3670,6178) 204x173
06 AV 1 (3734,5035) 60x94
06 AV 1-1 (7099,4590) 168x119
06 AV 2 (4262,4901) 83x102
06 AV 2-1 (6674,3744) 593x124
06 AV 2-23 (6674,4757) 662x122
06 AV 2-54 (6674,3408) 661x122
06 AV 2-64 (7089,4096) 225x100
06 AV 2-65 (7511,4090) 248x104
06 AV 3 (1685,5690) 85x104
06 AV 3 (4834,4951) 85x106
06 AV 3-1 (7445,4254) 176x117
06 AV 3-50A (6674,4925) 736x123
06 AV 3-52A (6674,3576) 736x122
06 AV 4 (222,4297) 85x105
06 AV 4 (5118,3920) 85x105
06 AV 4 (241,2247) 85x105
06 AV 4 (4444,1255) 85x105
06 AV 4-122A (7095,5734) 370x119
06 AV 5 (3453,4512) 85x106
06 AV 6 (3453,3753) 85x106
06 AV 6-152 (6674,5262) 917x122
06 AV 7 (3538,2996) 81x104
06 AV 8 (3957,3164) 86x104
06 AV 9 (5311,3395) 84x103
06 AV 10 (5462,3545) 120x106
06 AV 11 (4535,2825) 111x104
06 AV 12 (5209,2488) 119x103
06 AV 13 (4535,2403) 121x106
06 AV 14 (4199,2698) 119x105
06 AV 15 (3441,2235) 121x106
06 AV 16 (3188,2825) 121x106
06 AV 17 (3104,2590) 118x107
06 AV 18 (3096,1737) 121x107
06 AV 19 (4106,1728) 120x107
06 AV 20 (5366,1478) 131x104
06 AV 21 (3598,1055) 122x104
06 AV 22 (2167,550) 131x103
06 AV 23 (1697,1195) 131x104
06 AV 24 (2417,1753) 129x107
06 AV 24 (1398,891) 129x105
06 AV 25 (2067,1359) 132x107
06 AV 26 (2780,1814) 132x105
06 AV 27 (2588,2237) 129x105
06 AV 28 (2740,2633) 130x104
06 AV 29 (2504,2827) 131x103
06 AV 30 (2766,3162) 132x104
06 AV 31 (903,4596) 123x106
06 AV 31 (1882,3055) 123x106
06 AV 32 (2587,3418) 131x104
06 AV 33 (2610,3830) 133x104
06 AV 34 (2334,3751) 131x108
06 AV 35 (1998,4343) 132x106
06 AV 35A (1884,4848) 191x106
06 AV 36 (2082,5440) 133x105
06 AV 36 (2082,5145) 133x105
06 AV 37 (1240,5525) 130x105
06 AV 37 (1619,5399) 130x105
06 AV 37 (2545,5104) 130x105
06 AV 37 (624,4956) 130x107
06 AV 37 (1240,4598) 130x105
06 AV 37 (4523,4091) 130x105
06 AV 37 (945,3544) 130x105
06 AV 37 (1408,2068) 130x105
06 AV 37 (2924,1478) 130x105
06 AV 38 (903,5609) 133x104
06 AV 38 (903,4261) 133x104
06 AV 39 (1408,4934) 132x106
06 AV 40 (143,6028) 134x107
06 AV 41 (1154,4088) 125x105
06 AV 42 (1336,3007) 104x75
06 AV 43 (817,2276) 135x107
06 AV 44 (630,1725) 133x106
06 AV 45 (525,1408) 82x68
06 AV 46 (1027,566) 91x67
06 AV 47 (522,3920) 76x57
06 AV AV-10 (5967,3409) 330x121
06 AV AV-12 (5967,3577) 329x121
06 AV AV-14 (5967,4082) 330x122
06 AV AV-14 (5967,3914) 330x122
06 AV AV-14 (5967,3744) 330x124
06 AV AV-15 (5967,4252) 331x121
06 AV AV-16 (5967,4420) 331x121
06 AV AV-17 (5967,4590) 328x123
06 AV AV-18 (5967,4758) 331x121
06 AV AV-19 (5967,4926) 330x123
06 AV AV-20 (5967,5096) 330x120
06 AV AV-27 (5967,5264) 328x122
06 AV AV-29 (5972,5416) 330x122
06 AV AV-34 (5967,5566) 330x122
06 AV AV-39 (5967,5735) 330x124
06 AV AV-44 (5967,5904) 330x122
06 AV AV-45 (5967,6072) 331x122
06 AV AV-46 (5967,6241) 331x122
06 AV SL1-1 (7277,3885) 215x173
06 AV SL4-37 (6674,4419) 856x124
06 AV SL11-18 (7296,5095) 297x121
06 AV SL14-1 (7296,5566) 228x120
06 AV SL15-9 (7296,5905) 236x122
06 AV SL15-10 (7296,6073) 296x121
06 AV SL15-21 (7296,6242) 288x121
06 AV UP (6839,4250) 160x128
06 AV UP-1 (3777,2220) 512x132
06 AV ring (6676,5415) 1214x141
07 UP 1 (3706,1686) 205x111
07 UP 1 (5535,1575) 170x105
07 UP 2 (4180,1989) 225x128
07 UP 3 (4158,2363) 216x115
07 UP 3 (4120,4858) 216x114
07 UP 3-1 (2739,6595) 630x115
07 UP 3A (4215,2741) 252x116
07 UP 3A (3952,5993) 250x112
07 UP 4 (2837,3156) 215x116
07 UP 4 (2951,6218) 212x112
07 UP 5 (3328,3650) 216x113
07 UP 6 (3251,1989) 196x128
07 UP 7 (2837,2364) 214x115
07 UP 7 (3214,4859) 214x114
07 UP 8 (3214,2741) 216x115
07 UP 8 (3264,5691) 193x111
07 UP 9 (5504,5557) 58x73
07 UP 9 (4422,3308) 216x114
07 UP 10 (4212,3950) 259x115
07 UP 10 (3609,7353) 257x111
07 UP 11 (4664,3951) 251x114
07 UP 11 (4062,7353) 248x111
07 UP UP-1 (2849,4631) 411x181
07 UP UP-1 (3754,5070) 411x127
07 UP UP-3 (3830,6142) 419x128
07 UP UP-4 (4022,4637) 194x99
07 UP UP-7 (2894,5538) 417x128
07 UP UP-9 (2804,5069) 508x115
08 TS 1 (1586,5464) 76x120
08 TS 2 (2116,5464) 93x120
08 TS 3 (2655,5464) 96x122
08 TS 3 (6709,2109) 96x122
08 TS 3 (3892,2115) 92x101
08 TS 4 (2113,5030) 98x121
08 TS 5 (3088,5789) 95x122
08 TS 6 (3303,5897) 96x122
08 TS 7 (7143,2650) 91x123
08 TS 8 (6275,1784) 97x122
08 TS 9 (4331,2649) 95x123
08 TS 10 (3447,1784) 145x122
08 TS 11 (3339,2542) 137x120
08 TS 11 (4419,1892) 137x120
08 TS 12 (1285,1784) 144x120
08 TS 13 (1067,2216) 148x124
08 TS 14 (5554,5030) 146x121
08 TS 15 (5770,5464) 145x122
08 TS 16 (5122,4815) 145x122
08 TS 17 (5446,6329) 143x125
08 TS 18 (6527,5789) 146x122
08 TS 19 (6743,6222) 145x123
08 TS 20 (6841,4598) 155x122
08 TS SL3-5A (7278,6715) 175x95
10 1 1 (2888,6346) 136x202
10 1 1A (3003,5999) 271x201
10 1 1B (3371,5650) 263x201
10 1 2 (619,5827) 155x199
10 1 2A (1182,5711) 247x221
10 1 3 (1313,5131) 158x202
10 1 3-27 (4031,1057) 289x157
10 1 4 (2526,4954) 164x201
10 1 5 (3660,4957) 158x201
10 1 5-85 (974,1929) 294x158
10 1 6 (4616,4956) 158x202
10 1 7 (5314,4001) 152x202
10 1 8 (4442,3911) 159x203
10 1 9 (4442,3389) 158x202
10 1 10 (3622,3648) 245x204
10 1 11 (2317,3735) 234x201
10 1 12 (1013,3648) 244x201
10 1 13 (1796,2689) 246x206
10 1 14 (2342,2696) 196x171
10 1 15 (2335,3221) 204x173
10 1 16 (2839,2689) 245x206
10 1 17 (3622,2689) 242x209
10 1 18 (3448,1994) 246x204
10 1 19 (2413,2133) 245x205
10 1 20 (1456,1551) 202x187
10 1 21 (3178,1122) 243x202
10 1 AV-17 (2561,7408) 779x192
11 2 1 (3736,2463) 44x52
11 2 2 (3497,2326) 32x44
11 2 3 (3984,2326) 34x44
11 2 3-1 (5067,4616) 55x36
11 2 3-21 (2251,1710) 76x36
11 2 3-47 (7079,814) 79x39
11 2 3-51 (6643,1815) 76x36
11 2 3-118 (2191,3232) 100x38
11 2 4 (3983,2816) 35x43
11 2 5 (3496,2813) 34x46
11 2 6 (3741,3155) 33x45
11 2 6 (4326,2570) 33x45
11 2 6 (3155,2570) 33x45
11 2 6 (3741,1983) 33x45
11 2 7 (2912,2814) 31x46
11 2 8 (2911,3205) 34x44
11 2 9 (2619,2814) 32x46
11 2 10 (2170,2571) 55x44
11 2 11 (2997,2228) 54x43
11 2 12 (2609,2083) 55x44
11 2 13 (2162,1931) 62x47
11 2 14 (1878,2231) 56x42
11 2 15 (1829,1691) 56x45
11 2 16 (1780,1397) 56x45
11 2 17 (1185,1396) 71x51
11 2 18 (1191,1151) 59x47
11 2 19 (507,1397) 62x48
11 2 20 (1142,1692) 59x44
11 2 21 (1386,1740) 55x44
11 2 22 (1094,2083) 59x44
11 2 23 (1776,666) 60x44
11 2 24 (2166,1154) 60x44
11 2 25 (2069,1495) 60x45
11 2 26 (2654,1153) 60x45
11 2 27 (2654,1643) 58x45
11 2 28 (3044,1398) 60x44
11 2 29 (3093,1740) 60x45
11 2 30 (2868,1910) 60x44
11 2 30 (2856,1577) 60x44
11 2 31 (3287,1984) 56x44
11 2 32 (3190,1056) 60x44
11 2 33 (2946,812) 61x45
11 2 34 (3531,714) 61x44
11 2 35 (3921,909) 61x45
11 2 36 (4311,1104) 61x45
11 2 36A (4246,1300) 94x45
11 2 37 (4019,1887) 59x45
11 2 38 (4165,1716) 60x44
11 2 39 (4458,1374) 60x45
11 2 40 (4505,1789) 61x44
11 2 41 (4993,1204) 57x42
11 2 42 (4847,666) 61x44
11 2 43 (5383,812) 62x45
11 2 44 (6359,814) 62x43
11 2 45 (6359,1007) 62x45
11 2 46 (6749,811) 62x46
11 2 47 (6066,1617) 60x47
11 2 48 (6262,2131) 61x45
11 2 49 (5676,1887) 61x45
11 2 50 (6262,2521) 60x45
11 2 51 (6601,2718) 63x43
11 2 52 (6116,3082) 60x45
11 2 53 (6652,3155) 61x45
11 2 54 (7648,3261) 61x45
11 2 55 (6970,3899) 56x45
11 2 56 (6165,4230) 61x45
11 2 56 (5189,3643) 61x47
11 2 56 (6188,4243) 22x23
11 2 56 (5212,3658) 22x23
11 2 56A (5563,3351) 94x45
11 2 56B (4807,4206) 91x45
11 2 56C (4466,4230) 94x45
11 2 56D (5416,4034) 94x46
11 2 56D (5221,3912) 94x45
11 2 56D (5513,3839) 94x45
11 2 56D (4928,3693) 94x45
11 2 56D (5439,4048) 22x23
11 2 56D (5244,3925) 22x23
11 2 56D (5536,3852) 22x23
11 2 56D (4951,3708) 20x21
11 2 56E (6760,4376) 89x45
11 2 56E (6736,4181) 89x45
11 2 56E (6541,4034) 89x46
11 2 56E (6759,4196) 20x21
11 2 56E (6564,4048) 22x23
11 2 56F (5103,4499) 88x45
11 2 57 (5336,2789) 59x46
11 2 58 (4872,3401) 60x44
11 2 59 (4799,3204) 60x46
11 2 60 (5140,3009) 60x45
11 2 61 (4751,2863) 55x45
11 2 62 (4898,2570) 59x45
11 2 63 (4848,1837) 61x45
11 2 63A (5173,1592) 94x45
11 2 64 (4312,2960) 60x45
11 2 65 (4459,3254) 60x45
11 2 66 (4703,3033) 60x45
11 2 66 (4725,3046) 22x23
11 2 67 (4166,3351) 58x46
11 2 68 (4459,3546) 60x45
11 2 68 (4481,3562) 20x22
11 2 69 (4263,3888) 60x46
11 2 70 (3727,4035) 59x46
11 2 71 (3435,3352) 46x45
11 2 72 (3239,4035) 59x46
11 2 AV-10 (7672,3159) 110x36
11 2 AV-14 (4310,3112) 109x37
11 2 AV-14 (3751,2621) 109x37
11 2 AV-18 (1917,146) 110x36
11 2 SL2-1 (6575,1298) 231x33
11 2 SL11-1 (7207,2400) 118x36
11 2 SL15-1 (2714,378) 72x36
12 3 1 (3542,1457) 41x45
12 3 1-21 (3677,779) 63x52
12 3 2 (3548,2054) 23x31
12 3 2-15 (2314,1648) 61x30
12 3 2-48 (5724,1823) 63x41
12 3 2-55 (5768,906) 57x41
12 3 2-70 (2488,2472) 54x26
12 3 2A (3602,1955) 46x31
12 3 3 (3875,1987) 24x33
12 3 4 (4071,1462) 23x32
12 3 4-1 (301,1900) 46x34
12 3 4-88 (314,1078) 57x25
12 3 4-157 (243,3021) 70x31
12 3 4-159 (2061,5641) 70x27
12 3 5 (4465,1987) 24x33
12 3 5-1 (3567,2541) 43x26
12 3 5-2 (3255,2078) 39x25
12 3 5-44A (4237,3029) 68x26
12 3 5-64 (5166,2101) 57x32
12 3 5-76 (5129,3092) 65x27
12 3 5-99 (1451,870) 55x31
12 3 5-104 (914,1611) 67x27
12 3 5-141 (5207,6255) 82x51
12 3 5A (4058,2109) 54x49
12 3 6 (4071,2578) 25x32
12 3 6-49A (6323,1895) 75x27
12 3 7 (4465,2842) 22x32
12 3 8 (4022,2726) 25x31
12 3 8-34 (5051,300) 56x29
12 3 9 (3809,2973) 25x32
12 3 10 (3510,2908) 38x31
12 3 11 (2920,2612) 34x31
12 3 11A (3138,2644) 60x31
12 3 11B (3335,2644) 59x31
12 3 12 (3537,2379) 46x36
12 3 13 (3706,2218) 38x31
12 3 14 (3346,2315) 36x32
12 3 15 (3018,1922) 38x31
12 3 15A (3073,1791) 60x31
12 3 15B (3073,2054) 59x31
12 3 15C (3204,1922) 60x31
12 3 16 (2756,2119) 38x32
12 3 16 (2749,1713) 51x51
12 3 16A (2637,1589) 71x61
12 3 17 (2912,2047) 56x47
12 3 18 (3084,1332) 38x31
12 3 19 (3084,1101) 37x32
12 3 20 (2752,1430) 41x31
12 3 21 (2424,1332) 38x31
12 3 22 (2162,1069) 41x31
12 3 22A (1426,673) 73x42
12 3 23 (2665,894) 55x48
12 3 23A (2778,1149) 85x47
12 3 23B (2692,1003) 63x31
12 3 24 (2834,969) 40x32
12 3 25 (3244,773) 42x31
12 3 26 (3440,772) 42x32
12 3 27 (3552,654) 77x61
12 3 28 (3309,1020) 42x31
12 3 29 (3571,1036) 41x32
12 3 30 (3375,1332) 42x31
12 3 31 (3342,1660) 38x31
12 3 32 (3735,1660) 41x31
12 3 33 (3866,1758) 42x31
12 3 34 (3735,1331) 40x32
12 3 35 (3768,1134) 42x31
12 3 36A (3724,937) 64x32
12 3 36B (4210,529) 75x61
12 3 36C (3981,420) 102x76
12 3 36D (3821,531) 99x75
12 3 36D (4069,665) 81x53
12 3 36D (4075,329) 71x57
12 3 36E (3853,689) 75x71
12 3 37 (3953,914) 63x47
12 3 38 (4338,1577) 71x63
12 3 39 (4686,1660) 42x32
12 3 40 (4193,1133) 43x32
12 3 40A (4055,926) 65x49
12 3 40B (4450,1054) 65x55
12 3 40C (4440,1326) 75x53
12 3 41 (4324,796) 39x32
12 3 41A (4608,419) 65x32
12 3 42 (4718,937) 42x32
12 3 43 (4980,1520) 43x32
12 3 44 (5308,1331) 41x32
12 3 45 (5078,806) 43x32
12 3 46 (5406,937) 43x32
12 3 47 (5602,930) 55x49
12 3 48 (5734,1462) 43x32
12 3 49 (5963,1002) 43x33
12 3 50 (6161,1495) 41x31
12 3 50A (6221,1286) 79x57
12 3 50B (6227,1699) 77x55
12 3 51 (5374,1922) 38x31
12 3 52 (5210,2612) 41x31
12 3 52A (5494,2259) 64x31
12 3 53 (4915,2842) 42x31
12 3 54 (5237,2916) 40x32
12 3 55 (5043,2943) 59x57
12 3 56 (5079,3168) 42x32
12 3 57 (4948,3334) 40x32
12 3 57A (5170,3368) 56x28
12 3 58 (5473,3269) 42x31
12 3 59 (5768,3302) 42x32
12 3 60 (5931,3136) 42x32
12 3 61 (5799,2825) 39x32
12 3 62 (5849,2693) 42x32
12 3 63 (6062,2742) 43x32
12 3 64 (4685,3333) 41x32
12 3 65 (4685,3136) 43x32
12 3 65A (4578,2873) 75x47
12 3 65B (4722,2863) 34x60
12 3 66 (4554,2611) 43x32
12 3 66A (4477,2249) 65x32
12 3 67 (4259,3201) 42x34
12 3 68 (3505,3168) 43x32
12 3 69 (3275,3103) 43x33
12 3 70 (3047,3302) 42x32
12 3 70A (3101,3400) 64x32
12 3 70B (2938,3400) 63x32
12 3 70C (2806,3269) 64x32
12 3 70D (2970,3137) 65x32
12 3 71 (2031,1922) 40x32
12 3 72 (1968,1727) 57x41
12 3 72 (1972,2098) 51x51
12 3 73 (2282,1811) 31x22
12 3 74 (2266,2025) 42x39
12 3 75 (2340,2104) 46x29
12 3 76 (2391,2184) 42x33
12 3 77 (1950,2278) 51x51
12 3 78 (2195,2300) 42x32
12 3 79 (2063,2398) 42x33
12 3 80 (2259,2481) 42x31
12 3 81 (1669,2087) 39x31
12 3 82 (1866,1561) 42x31
12 3 83 (1997,1628) 43x31
12 3 84 (1669,1725) 41x32
12 3 85 (1669,1495) 43x31
12 3 86 (1735,2643) 43x32
12 3 87 (1566,2898) 53x51
12 3 88 (1636,2465) 43x31
12 3 89 (1374,2448) 43x32
12 3 89A (1368,2680) 53x26
12 3 90 (1112,1922) 43x32
12 3 90A (1478,1971) 65x32
12 3 90B (1757,1903) 106x51
12 3 91 (1374,2169) 39x32
12 3 92 (1177,2152) 42x32
12 3 93 (981,2169) 43x32
12 3 94 (1374,1659) 41x33
12 3 95 (1177,1693) 43x32
12 3 96 (981,1659) 43x33
12 3 97 (1014,2415) 41x32
12 3 98 (1177,2644) 43x32
12 3 99 (1276,2940) 42x32
12 3 100 (1173,3038) 56x31
12 3 101 (1010,3071) 52x31
12 3 102 (813,3071) 55x31
12 3 103 (813,2875) 56x31
12 3 104 (1010,2874) 54x32
12 3 105 (616,2973) 56x31
12 3 106 (610,2783) 66x55
12 3 106A (873,2773) 75x40
12 3 107 (780,2579) 54x32
12 3 108 (977,2644) 56x31
12 3 109 (780,2316) 56x32
12 3 110 (714,1922) 56x31
12 3 111 (776,1327) 59x40
12 3 112 (1190,1495) 55x31
12 3 113 (1206,1167) 56x31
12 3 114 (1310,926) 62x39
12 3 115 (452,1085) 56x31
12 3 116 (371,1629) 62x38
12 3 117 (665,1758) 54x31
12 3 118 (2091,2775) 56x31
12 3 119 (2091,3006) 55x32
12 3 120 (3304,3728) 55x31
12 3 121 (3337,3630) 52x31
12 3 122 (3475,3563) 54x31
12 3 123 (3632,3924) 56x31
12 3 123A (3881,3612) 81x40
12 3 123A (3887,3809) 79x33
12 3 123A (3875,4061) 95x61
12 3 124 (3206,3956) 54x32
12 3 125 (3009,3630) 56x31
12 3 126 (3042,3760) 56x32
12 3 127 (2739,3626) 65x42
12 3 127A (2573,3582) 97x62
12 3 127B (2647,3681) 91x53
12 3 127C (2759,3440) 93x43
12 3 128 (2714,3957) 56x31
12 3 129 (2944,3957) 56x32
12 3 130 (2812,4318) 55x31
12 3 131 (3042,4532) 52x31
12 3 132 (3106,4384) 56x32
12 3 133 (3173,4188) 56x31
12 3 134 (3075,4121) 54x32
12 3 135 (3402,4351) 56x31
12 3 136 (3402,4695) 56x32
12 3 137 (3697,4351) 54x32
12 3 137A (3552,4370) 102x55
12 3 137B (3940,4332) 60x31
12 3 138 (4025,3465) 56x31
12 3 139 (4091,3630) 56x32
12 3 140 (4058,3793) 55x32
12 3 141 (4058,4023) 52x32
12 3 142 (4058,4219) 55x32
12 3 143 (4255,3727) 56x32
12 3 144 (4288,3858) 54x32
12 3 145 (4320,4023) 56x32
12 3 146 (4386,4252) 56x32
12 3 147 (4419,3530) 54x33
12 3 148 (4878,3562) 56x32
12 3 149 (4615,3727) 55x33
12 3 150 (4615,3859) 55x31
12 3 151 (4746,3859) 52x31
12 3 152 (4615,3990) 55x32
12 3 153 (4648,4220) 56x31
12 3 154 (4648,4366) 54x32
12 3 155 (5041,4318) 56x31
12 3 156 (5041,4088) 56x32
12 3 156A (5097,4215) 88x40
12 3 157 (4943,4024) 54x32
12 3 158 (4976,3826) 56x31
12 3 159 (5238,3761) 56x32
12 3 160 (5238,3595) 55x33
12 3 161 (5402,3662) 52x32
12 3 161A (5391,3891) 78x32
12 3 162 (5369,4187) 55x32
12 3 163 (5304,4482) 56x32
12 3 163A (4342,4582) 78x31
12 3 163B (5080,4530) 81x33
12 3 163C (5285,4671) 110x45
12 3 163D (4637,5074) 79x31
12 3 163D (4243,5074) 79x31
12 3 163D (4210,4744) 79x32
12 3 163D (4604,4711) 78x32
12 3 164 (4681,5697) 54x32
12 3 164A (4703,5565) 78x32
12 3 164B (4883,5385) 76x32
12 3 164C (4392,5270) 76x32
12 3 164D (5079,5681) 78x32
12 3 164E (4491,5762) 74x32
12 3 165 (5402,4845) 55x31
12 3 166 (5047,5336) 77x59
12 3 167 (5238,5203) 54x35
12 3 168 (5356,5007) 75x53
12 3 168A (5457,5034) 99x52
12 3 169 (5468,5204) 55x33
12 3 170 (5320,5402) 56x32
12 3 171 (5173,5533) 54x32
12 3 172 (4845,6190) 55x31
12 3 172A (5223,6043) 99x37
12 3 172B (4965,6846) 77x32
12 3 172B (3649,6637) 90x55
12 3 172B (5289,6446) 81x41
12 3 172B (3518,6374) 82x52
12 3 172B (4834,6321) 77x31
12 3 172B (4506,6256) 77x32
12 3 172B (4180,6058) 76x32
12 3 173 (4025,5747) 56x32
12 3 174 (3943,6452) 54x33
12 3 175 (4288,6519) 56x32
12 3 176 (4288,6320) 56x33
12 3 177 (4288,6847) 54x32
12 3 178 (4845,6535) 56x32
12 3 179 (5304,6206) 56x32
12 3 180 (5484,5796) 56x31
12 3 180A (5390,5818) 47x51
12 3 180B (5570,5866) 45x42
12 3 180C (5510,5692) 67x61
12 3 181 (5708,5933) 69x51
12 3 182 (5763,6386) 55x31
12 3 183 (5845,6880) 56x31
12 3 184 (5665,6763) 51x32
12 3 185 (4714,7405) 56x31
12 3 186 (4338,7043) 54x31
12 3 187 (4222,7421) 54x32
12 3 188 (4074,7323) 56x31
12 3 189 (4025,7601) 55x33
12 3 190 (3665,7437) 56x32
12 3 191 (3993,6978) 52x32
12 3 192 (3310,7144) 42x26
12 3 193 (3344,6400) 68x58
12 3 194 (2780,6385) 54x33
12 3 195 (2321,6321) 56x32
12 3 196 (3075,6173) 56x33
12 3 197 (2976,6519) 54x32
12 3 198 (3312,5917) 68x42
12 3 199 (3763,5698) 55x32
12 3 200 (4070,5369) 59x31
12 3 201 (3628,5320) 56x31
12 3 202 (3464,5484) 59x31
12 3 203 (3333,5222) 60x31
12 3 204 (3103,5352) 58x32
12 3 205 (2808,4943) 59x31
12 3 206 (2776,4811) 60x32
12 3 207 (2808,5731) 58x32
12 3 208 (2890,5960) 60x31
12 3 209 (2743,6174) 60x32
12 3 210 (2579,6076) 60x31
12 3 211 (2349,5862) 56x31
12 3 212 (2349,5633) 59x31
12 3 212A (2164,5560) 103x51
12 3 213 (2251,5353) 60x31
12 3 214 (2612,5203) 58x34
12 3 215 (2317,5074) 60x31
12 3 216 (1956,5270) 60x32
12 3 217 (2052,4865) 81x57
12 3 218 (2251,4745) 60x31
12 3 219 (2513,4516) 59x32
12 3 220 (2186,4384) 59x32
12 3 220A (2338,4351) 82x31
12 3 221 (2743,4516) 56x31
12 3 222 (3136,4680) 59x31
12 3 223 (3300,4910) 60x31
12 3 224 (3546,4531) 58x32
12 3 225 (3612,4926) 60x31
12 3 226 (3907,4974) 60x32
12 3 227 (3939,4778) 58x31
12 3 228 (3661,4680) 60x31
12 3 229 (3792,4582) 59x32
12 3 230 (3593,5087) 64x41
12 3 231 (5654,4611) 69x38
12 3 AV-12 (6323,2134) 85x39
12 3 AV-19 (6293,1136) 83x37
12 3 EX-11 (4126,7685) 76x29
12 3 SL3-3 (3777,3342) 87x43
12 3 SL3-9 (3344,4141) 89x35
12 3 SL6-7 (1687,3135) 52x30
12 3 SL12-20 (1179,736) 173x34
12 3 UP-5 (3564,1419) 64x41
13 4 1 (2524,3342) 21x38
13 4 1 (2988,2892) 43x48
13 4 1A (2756,3032) 60x39
13 4 1A (2638,3086) 50x36
13 4 1A (3131,2977) 50x38
13 4 1A (2985,2977) 50x38
13 4 1A (2584,2977) 50x38
13 4 1A (2712,2903) 50x38
13 4 1A (3131,2830) 50x38
13 4 1A (2985,2830) 50x38
13 4 1B (2584,3233) 48x34
13 4 1B (2435,3295) 61x57
13 4 2 (2520,3744) 29x38
13 4 2A (2617,3926) 54x39
13 4 2B (2429,4065) 69x51
13 4 2C (2888,4084) 64x49
13 4 2D (2215,3925) 56x41
13 4 2E (2154,3769) 52x36
13 4 2F (1979,3920) 56x50
13 4 2G (2097,4062) 70x57
13 4 3 (2848,3699) 36x44
13 4 3-105D (4510,5883) 97x34
13 4 3-110 (3384,2928) 77x27
13 4 3-115 (3406,1924) 76x28
13 4 3-212A (4964,7088) 95x30
13 4 4 (2807,3555) 37x45
13 4 4 (2700,3293) 41x57
13 4 5 (2666,3524) 29x38
13 4 5-33 (3449,2067) 59x26
13 4 5-103 (3381,2480) 79x28
13 4 5-117 (1188,5901) 77x28
13 4 6 (3029,3583) 30x34
13 4 6-67 (4599,7381) 61x27
13 4 7 (3030,3342) 28x38
13 4 7-118 (961,2561) 76x27
13 4 8A (3382,3086) 55x38
13 4 8B (3565,3086) 55x38
13 4 8C (3382,3250) 56x38
13 4 8D (3542,3234) 71x60
13 4 9 (2768,3153) 44x48
13 4 10 (3042,3068) 46x38
13 4 11 (3861,2902) 44x37
13 4 12 (4119,3342) 46x38
13 4 13 (3790,3707) 46x38
13 4 14 (3644,4071) 45x39
13 4 14A (3814,4072) 71x38
13 4 15 (3462,3488) 46x38
13 4 16 (3246,3568) 46x53
13 4 17 (3243,3853) 45x38
13 4 18 (3042,4365) 47x38
13 4 19 (3260,6774) 81x40
13 4 19 (3200,4423) 57x60
13 4 19 (3200,5625) 64x67
13 4 20 (3421,4182) 50x38
13 4 21 (2217,4292) 46x38
13 4 22 (1852,4401) 50x38
13 4 23 (1706,3926) 50x39
13 4 23A (1660,4052) 75x44
13 4 24 (1852,4144) 49x39
13 4 25 (1410,4138) 56x51
13 4 26 (1560,4182) 50x38
13 4 27 (1268,4182) 49x38
13 4 28 (1195,4365) 51x38
13 4 29 (1195,4510) 50x38
13 4 30 (1414,4657) 50x38
13 4 31 (1633,4583) 46x39
13 4 32 (1633,4437) 50x38
13 4 33 (1414,4510) 50x38
13 4 34 (1416,4440) 44x30
13 4 35 (1403,4351) 67x58
13 4 36 (1335,3927) 48x36
13 4 37 (1195,3889) 49x38
13 4 38 (976,3889) 51x38
13 4 39 (976,3707) 50x38
13 4 40 (2106,3596) 52x40
13 4 41 (2328,3342) 45x34
13 4 42 (1961,3267) 51x40
13 4 43 (2180,3195) 51x39
13 4 44 (2375,2894) 63x54
13 4 45 (2216,2829) 51x39
13 4 46 (1997,2829) 51x39
13 4 47 (1815,2939) 50x39
13 4 48 (1671,3475) 51x53
13 4 49 (1450,2866) 51x39
13 4 49 (1599,2866) 42x40
13 4 50 (1524,2648) 50x38
13 4 51 (1414,3184) 58x57
13 4 51A (927,3488) 75x38
13 4 51B (922,3329) 83x63
13 4 52 (1525,3196) 47x34
13 4 53 (1195,3050) 50x38
13 4 54 (1306,2866) 47x38
13 4 55 (1013,2830) 50x38
13 4 56 (1341,2648) 50x38
13 4 57 (1122,2648) 49x38
13 4 58 (1195,2429) 51x38
13 4 59 (1159,2210) 50x38
13 4 60 (975,3214) 51x38
13 4 61 (1194,3488) 47x38
13 4 62 (2545,2830) 51x38
13 4 63 (2873,2648) 51x38
13 4 64 (3110,2666) 50x39
13 4 65 (3345,2392) 57x43
13 4 66 (2180,2615) 51x34
13 4 66 (2143,2286) 51x34
13 4 67 (2285,2418) 59x51
13 4 67 (1774,2380) 57x57
13 4 68 (1450,2027) 52x38
13 4 69 (2125,2009) 51x38
13 4 70 (2181,1826) 50x38
13 4 71 (1907,1753) 46x38
13 4 72 (1743,1643) 50x38
13 4 73 (1378,1772) 50x38
13 4 74 (1227,2011) 61x66
13 4 74A (1161,1896) 76x41
13 4 75 (2327,1552) 50x38
13 4 76 (2582,1607) 50x38
13 4 77 (2546,1881) 49x38
13 4 78 (2303,2076) 58x52
13 4 79 (2691,1681) 50x38
13 4 80 (2727,1844) 51x38
13 4 81 (2581,2046) 47x38
13 4 82 (2946,1954) 51x38
13 4 83 (3128,1863) 51x38
13 4 84 (2800,2172) 50x39
13 4 85 (3055,2228) 51x38
13 4 86 (3054,2091) 43x32
13 4 87 (3207,2126) 51x39
13 4 88 (3215,1976) 52x39
13 4 89 (1888,2082) 51x38
13 4 90 (1413,2447) 51x38
13 4 91 (1472,1668) 55x50
13 4 91 (1435,1348) 54x46
13 4 92 (1997,1296) 51x38
13 4 93 (1815,1333) 51x39
13 4 94 (2432,1305) 57x58
13 4 95 (2432,1164) 58x50
13 4 96 (2399,931) 51x38
13 4 97 (2253,493) 50x38
13 4 97A (2568,414) 77x48
13 4 97B (1984,307) 79x41
13 4 98 (1888,950) 52x38
13 4 99 (1596,1004) 51x39
13 4 100 (1390,822) 67x38
13 4 101 (2758,4474) 63x38
13 4 101A (3009,4561) 93x34
13 4 102 (2756,4316) 74x54
13 4 103 (2466,4474) 67x38
13 4 104 (2466,4327) 66x39
13 4 105 (1801,5241) 154x47
13 4 105 (1846,4875) 67x38
13 4 105 (1775,5463) 62x33
13 4 105 (1917,5521) 71x53
13 4 106 (1728,5011) 91x55
13 4 107 (1444,4839) 66x38
13 4 108 (1512,5084) 76x43
13 4 109 (1408,5278) 67x38
13 4 110 (1580,5479) 87x63
13 4 111 (1150,5094) 65x37
13 4 112A (810,5424) 95x36
13 4 112B (720,5252) 88x38
13 4 112C (768,5637) 93x36
13 4 113 (822,5767) 71x39
13 4 114 (970,5860) 66x39
13 4 115 (1102,5554) 89x62
13 4 116 (1371,5497) 68x34
13 4 117 (1208,5786) 70x40
13 4 118 (1398,5813) 84x56
13 4 119 (1844,5898) 69x37
13 4 120 (1736,6245) 67x38
13 4 120A (1776,6063) 94x37
13 4 121 (1407,6080) 65x39
13 4 122 (1663,6556) 67x38
13 4 122A (1410,6371) 94x41
13 4 123 (1627,5716) 67x38
13 4 124 (2065,5715) 66x39
13 4 125 (2101,5533) 67x38
13 4 126 (2086,5246) 102x62
13 4 127 (2275,5921) 82x60
13 4 128 (2466,5679) 68x38
13 4 129 (2430,5387) 67x38
13 4 130 (2466,5168) 67x38
13 4 131 (2539,4949) 63x38
13 4 132 (2758,4839) 67x38
13 4 133 (2539,4693) 67x38
13 4 134 (2138,4838) 66x39
13 4 135 (2174,5022) 67x38
13 4 136 (2649,5241) 67x38
13 4 137 (2831,5241) 66x38
13 4 138A (2991,5004) 106x68
13 4 138B (3512,5022) 92x38
13 4 138C (3876,5015) 102x53
13 4 139A (2637,5723) 99x59
13 4 139B (2637,6190) 92x39
13 4 139C (2637,6623) 101x50
13 4 140 (2829,5645) 66x32
13 4 141 (3047,5747) 78x53
13 4 142 (2977,5860) 67x40
13 4 143 (3013,6336) 67x39
13 4 144 (3196,6007) 66x39
13 4 145 (2519,6339) 70x32
13 4 146 (2375,6427) 67x39
13 4 147 (2357,6591) 66x39
13 4 147A (2195,6605) 101x54
13 4 148 (1992,6481) 68x39
13 4 149 (3196,5422) 67x39
13 4 150 (3634,5423) 67x38
13 4 151 (4218,5496) 63x38
13 4 151A (4038,5761) 102x64
13 4 152 (4214,5858) 83x52
13 4 153 (3828,5777) 84x50
13 4 154 (3664,6369) 77x49
13 4 155 (3999,6337) 67x38
13 4 156 (4181,6337) 67x38
13 4 157 (4473,6556) 66x38
13 4 158 (4174,6696) 79x51
13 4 159 (4451,7132) 83x59
13 4 160 (4145,7359) 67x38
13 4 161 (4437,7359) 63x38
13 4 162 (4145,7724) 67x38
13 4 163 (3269,7432) 67x38
13 4 164 (3305,7577) 66x39
13 4 165 (3165,7240) 68x39
13 4 166 (2831,7798) 64x35
13 4 167 (2503,7323) 66x38
13 4 168 (2463,7094) 74x52
13 4 169 (2170,7358) 72x39
13 4 170 (1736,7323) 67x38
13 4 170A (1540,7559) 94x40
13 4 171 (1868,7678) 84x53
13 4 172 (1645,7816) 67x38
13 4 173 (1309,7677) 77x56
13 4 174 (1100,7939) 84x64
13 4 175 (1390,7998) 67x38
13 4 175A (1102,7614) 94x40
13 4 176 (1481,8418) 67x38
13 4 177 (1663,8163) 66x38
13 4 178 (1930,8321) 85x50
13 4 179 (2349,8008) 77x46
13 4 180 (2456,8152) 82x55
13 4 181 (2831,8163) 63x38
13 4 182 (2718,8391) 76x54
13 4 183 (2568,8347) 71x46
13 4 184 (2751,8598) 66x39
13 4 184A (3224,8102) 106x63
13 4 185 (2431,8530) 82x57
13 4 186 (2284,8528) 67x38
13 4 187 (2121,8482) 88x53
13 4 188 (2192,8820) 68x38
13 4 189 (1773,8929) 67x38
13 4 190 (1663,9112) 67x38
13 4 AV-39 (1538,6502) 88x30
13 4 EX-14 (2572,9166) 103x38
13 4 EX-15 (1492,9210) 120x59
13 4 SL5-1 (3976,6814) 45x26
13 4 SL7-37 (3366,1593) 61x27
13 4 SL8-19 (4425,8115) 58x23
13 4 SL9-75 (719,3348) 60x24
13 4 SL12-13 (1241,7509) 79x28
13 4 SL12-13 (1243,7509) 74x27
13 4 SL13-9 (2453,6995) 62x28
14 5 1 (3833,2539) 43x49
14 5 1-20 (3525,547) 67x27
14 5 2 (3946,3066) 30x41
14 5 2A (4211,2428) 59x41
14 5 2A (4738,1992) 61x41
14 5 3 (4105,2104) 30x41
14 5 3-7 (4628,2510) 49x31
14 5 3-12 (3929,2384) 65x28
14 5 3-52A (6071,1909) 88x32
14 5 3-55 (5484,3488) 65x29
14 5 3-114 (780,706) 82x32
14 5 3-117 (270,1825) 85x31
14 5 3-179 (6055,6134) 79x28
14 5 4 (4343,1782) 31x42
14 5 4-65 (257,1067) 65x33
14 5 4-87 (3917,872) 58x29
14 5 4-117 (1825,4017) 81x29
14 5 5 (4385,2584) 30x41
14 5 6 (3625,2689) 31x37
14 5 6-3 (5121,1700) 53x31
14 5 6-57 (7151,1886) 63x29
14 5 6-166 (2175,727) 86x34
14 5 6A (3391,2444) 60x41
14 5 6B (2668,1823) 59x42
14 5 6C (2783,1707) 59x41
14 5 6D (2568,1589) 63x51
14 5 6E (2757,2416) 55x41
14 5 6F (3310,1984) 54x41
14 5 7 (3521,2348) 30x41
14 5 7-34 (6433,3932) 64x30
14 5 7-88 (5885,6233) 64x29
14 5 7-109 (853,2663) 82x31
14 5 7-137 (2541,1157) 82x33
14 5 7-141 (3097,606) 86x30
14 5 8 (3322,2594) 41x42
14 5 8-35 (5924,647) 70x32
14 5 9 (2985,2865) 31x38
14 5 9-35 (5183,3691) 68x28
14 5 9A (3215,3128) 60x41
14 5 10 (3687,2320) 51x41
14 5 11 (3754,2246) 58x53
14 5 12 (3731,2101) 61x50
14 5 13 (3784,2047) 59x48
14 5 14 (4005,1843) 49x42
14 5 15 (4257,1583) 50x41
14 5 16 (4106,1510) 63x49
14 5 17 (4304,1418) 49x40
14 5 18 (3537,1703) 51x41
14 5 19 (3534,1463) 54x40
14 5 20 (3254,1583) 53x41
14 5 21 (3166,1711) 49x41
14 5 22 (3542,2088) 53x41
14 5 23 (3743,1982) 49x40
14 5 24 (3838,1718) 52x42
14 5 25 (2696,2522) 53x41
14 5 26 (2802,2733) 53x41
14 5 27 (2654,2705) 52x41
14 5 27 (2776,2608) 52x42
14 5 27 (2494,2560) 52x41
14 5 28 (2542,2657) 54x41
14 5 29 (2422,2388) 53x41
14 5 30 (2425,2154) 53x41
14 5 31 (2622,2207) 49x41
14 5 32 (4242,498) 53x41
14 5 33 (4174,1143) 53x41
14 5 34 (4652,1183) 50x36
14 5 35 (5085,2115) 54x42
14 5 36 (4374,2143) 53x41
14 5 37 (4755,2226) 50x33
14 5 38 (4998,2499) 58x52
14 5 39 (4800,2644) 62x46
14 5 40 (4950,2728) 55x42
14 5 41 (4131,3131) 68x52
14 5 42 (4132,3477) 55x42
14 5 43 (4340,3344) 55x42
14 5 44 (4532,3053) 54x42
14 5 44A (4502,2622) 85x44
14 5 45 (4652,3320) 55x42
14 5 46 (4852,3104) 55x42
14 5 47 (4852,2908) 54x42
14 5 48 (4652,2668) 56x42
14 5 49 (5080,2951) 55x42
14 5 50 (5334,2865) 53x41
14 5 51 (5414,3221) 49x41
14 5 52 (4854,3381) 53x41
14 5 52A (4476,3506) 82x41
14 5 52B (5097,3470) 64x34
14 5 53 (5654,1783) 53x41
14 5 54 (5334,1662) 52x42
14 5 55 (5152,1753) 53x41
14 5 56 (5134,1223) 53x41
14 5 57 (5013,580) 54x43
14 5 58 (4878,898) 54x41
14 5 59 (5094,750) 53x41
14 5 60 (5163,852) 54x41
14 5 61 (4955,1014) 63x57
14 5 62 (5313,707) 61x48
14 5 63 (5893,902) 54x41
14 5 64 (5893,2142) 53x42
14 5 65 (6173,2503) 54x42
14 5 66 (6492,1667) 54x37
14 5 67 (6492,1984) 53x41
14 5 68 (6492,1342) 55x41
14 5 69 (6892,1382) 54x41
14 5 70 (6892,982) 54x41
14 5 71 (6732,982) 50x41
14 5 72 (7172,982) 54x41
14 5 73 (7456,900) 47x47
14 5 74 (7366,1453) 60x53
14 5 75 (7052,1623) 54x41
14 5 76 (5733,3546) 54x41
14 5 77 (6812,3389) 53x41
14 5 78 (7529,3173) 61x61
14 5 79 (7212,2972) 54x41
14 5 80 (7011,3024) 55x43
14 5 81 (6731,3305) 51x41
14 5 82 (7011,3205) 56x41
14 5 83 (6731,2584) 55x41
14 5 84 (3772,1381) 54x42
14 5 85 (3492,702) 55x41
14 5 85A (3416,1263) 87x41
14 5 85B (3218,486) 100x105
14 5 86 (3596,1143) 55x41
14 5 87 (3092,1422) 54x43
14 5 88 (2852,1422) 56x43
14 5 89 (2852,902) 56x42
14 5 90 (2409,1422) 54x43
14 5 90A (2312,1326) 53x49
14 5 90B (2318,1475) 46x53
14 5 91 (3773,4226) 50x42
14 5 91 (3313,3765) 50x41
14 5 91 (2093,1703) 50x41
14 5 91 (2853,1263) 50x41
14 5 92 (2013,1022) 54x42
14 5 93 (2033,1543) 54x41
14 5 94 (1294,1302) 53x42
14 5 95 (1653,1382) 54x41
14 5 95A (1639,1223) 83x52
14 5 96 (1182,1063) 54x41
14 5 96 (1406,982) 54x41
14 5 96 (1262,942) 54x41
14 5 97 (934,1382) 53x41
14 5 98 (1294,1731) 55x41
14 5 99 (974,734) 54x39
14 5 100 (2329,882) 67x41
14 5 101 (1849,1263) 64x41
14 5 102 (689,1143) 67x41
14 5 103 (486,862) 73x41
14 5 104 (566,1702) 72x42
14 5 105 (928,1909) 74x42
14 5 106 (2166,2024) 73x41
14 5 107 (1889,2344) 66x41
14 5 108 (1366,2344) 74x41
14 5 109 (1446,2024) 73x41
14 5 110 (1164,2944) 76x38
14 5 111 (1914,3131) 94x64
14 5 112 (1714,2730) 55x28
14 5 113 (726,2304) 68x38
14 5 114 (606,2905) 71x40
14 5 115 (965,3466) 74x38
14 5 115A (643,3465) 116x42
14 5 116 (989,3946) 50x41
14 5 117 (1389,3982) 72x37
14 5 118 (2646,3404) 75x41
14 5 119 (5280,4467) 73x39
14 5 119 (4401,4467) 73x39
14 5 119 (2726,3205) 78x39
14 5 119 (1883,2023) 77x41
14 5 119A (2391,2865) 103x41
14 5 120 (4125,4467) 73x41
14 5 121 (4205,4146) 69x41
14 5 122 (4645,4066) 73x41
14 5 123 (4565,4307) 73x41
14 5 124 (5605,4185) 72x42
14 5 125 (5565,3946) 73x41
14 5 126 (6005,4226) 73x42
14 5 127 (4085,4867) 72x41
14 5 128 (3766,5469) 74x41
14 5 129 (4445,5347) 73x41
14 5 130 (4405,5828) 73x42
14 5 131 (5045,4987) 69x41
14 5 132 (5045,5588) 73x41
14 5 133 (5685,5347) 73x41
14 5 134 (5685,5827) 72x43
14 5 135 (6005,4867) 73x41
14 5 136 (6325,5469) 73x41
14 5 137 (6405,5027) 72x42
14 5 138 (6805,4507) 74x41
14 5 139 (6805,5469) 73x41
14 5 140 (6365,5847) 73x43
14 5 141 (5885,6008) 69x42
14 5 SL4-1 (5459,3028) 50x31
14 5 SL6-37 (1091,3151) 65x30
14 5 SL6-55A (3821,3771) 89x33
14 5 SL12-1 (715,527) 64x31
14 5 T1 (1899,1103) 53x41
14 5 T1 (1524,1143) 54x41
14 5 T2 (4931,5768) 57x41
14 5 T2 (2011,1215) 57x41
14 5 T3 (2075,894) 57x41
14 5 T4 (2194,1024) 63x57
14 5 T5 (2423,3665) 57x42
14 5 T5 (1675,1919) 57x42
14 5 T6 (977,2780) 57x42
14 5 T6 (1675,2119) 57x42
14 5 T7 (2759,3666) 57x42
14 5 T7 (976,2980) 57x42
14 5 T7 (1512,2576) 57x42
14 5 T8 (1512,2873) 58x41
14 5 T9 (5171,5768) 57x41
14 5 T9 (6410,5148) 57x41
14 5 T10 (2264,2352) 80x41
14 5 T11 (1640,1615) 78x39
14 5 T12 (2580,3813) 81x41
14 5 T12 (2608,2100) 81x41
14 5 T13 (2504,2249) 85x52
14 5 T14 (2712,2251) 80x43
14 5 T25 (1601,1117) 77x49
15 6 1 (3804,3527) 28x47
15 6 2 (3460,3915) 35x46
15 6 2 (2937,4530) 34x46
15 6 3 (3141,4098) 36x46
15 6 3-50B (5834,1480) 102x45
15 6 4 (2972,4161) 60x57
15 6 4-161 (6269,7129) 92x36
15 6 5 (2482,4484) 36x47
15 6 5-55 (3232,4033) 74x35
15 6 5-75 (5096,4125) 74x35
15 6 5-100 (715,2413) 90x35
15 6 6-38 (6362,821) 78x36
15 6 6A (2830,4825) 68x47
15 6 6B (2577,4083) 80x68
15 6 7 (3437,3028) 34x47
15 6 7-1 (2689,4678) 55x39
15 6 7-42 (6980,7366) 73x35
15 6 7A (3661,3173) 66x48
15 6 8 (3754,2846) 36x46
15 6 8-1 (3921,3682) 58x35
15 6 8-25 (4286,4697) 72x32
15 6 8-33 (2728,2236) 74x32
15 6 8-71 (5990,3242) 72x33
15 6 8-129 (7299,4127) 89x34
15 6 9 (3572,3256) 36x47
15 6 9 (3391,3256) 36x47
15 6 9 (3300,3141) 36x47
15 6 9 (3209,3141) 36x47
15 6 9-39 (3795,7746) 73x34
15 6 9A (3420,3392) 68x47
15 6 10 (3063,3027) 58x47
15 6 11 (3292,2893) 52x41
15 6 11 (3198,2892) 55x42
15 6 12 (3291,2663) 58x47
15 6 13 (3563,2799) 58x48
15 6 13 (3378,2795) 59x50
15 6 14 (3654,2617) 58x47
15 6 15 (3927,2208) 58x47
15 6 16 (4336,2253) 58x47
15 6 17 (3608,2211) 56x41
15 6 18 (3472,2436) 58x47
15 6 19 (3041,2617) 56x48
15 6 19A (2889,2776) 90x49
15 6 20 (2924,2345) 61x46
15 6 20A (2961,2170) 101x64
15 6 21 (2379,2117) 57x47
15 6 22 (2288,1618) 61x46
15 6 23 (2651,1618) 61x46
15 6 24 (3060,1526) 61x46
15 6 25 (2288,1298) 61x47
15 6 25A (2818,1147) 93x47
15 6 26 (2470,934) 61x47
15 6 27 (2470,570) 60x47
15 6 28 (4106,2618) 61x46
15 6 29 (4060,1935) 61x47
15 6 30 (4059,1754) 62x46
15 6 31 (4559,1843) 58x47
15 6 32 (4832,1754) 62x46
15 6 33 (4832,1980) 62x48
15 6 34 (4559,1389) 62x46
15 6 35 (3744,1836) 65x70
15 6 36 (3559,1662) 62x47
15 6 37 (3241,1754) 61x47
15 6 38 (4059,1480) 62x46
15 6 39 (4650,1025) 62x47
15 6 39A (4064,997) 57x63
15 6 39B (3655,743) 55x55
15 6 39C (4479,746) 42x53
15 6 39D (4200,627) 55x59
15 6 39D (3560,1004) 65x63
15 6 39D (4474,1012) 52x62
15 6 39E (3465,474) 62x46
15 6 39E (4585,467) 55x66
15 6 39F (4060,468) 55x59
15 6 39G (4066,327) 55x60
15 6 39H (4789,607) 57x59
15 6 40 (4558,2299) 63x46
15 6 41 (4149,3255) 59x47
15 6 42 (4376,3028) 63x46
15 6 43 (4604,2801) 63x46
15 6 44 (4831,2574) 63x45
15 6 44A (4997,2548) 95x48
15 6 44B (5612,2980) 93x48
15 6 45 (5376,2526) 63x47
15 6 46 (5787,2666) 60x43
15 6 47 (5376,2163) 62x47
15 6 48 (5376,1799) 63x46
15 6 49 (5785,1980) 63x49
15 6 49A (5700,1694) 97x69
15 6 50 (4014,4074) 62x47
15 6 51 (4150,3891) 58x47
15 6 52 (4468,3937) 62x47
15 6 53 (4377,3436) 62x47
15 6 54 (4559,3742) 62x47
15 6 55 (4605,3255) 62x47
15 6 56 (4786,3937) 62x47
15 6 57 (5014,3846) 61x48
15 6 58 (5741,3436) 62x47
15 6 59 (6695,3619) 62x48
15 6 60 (7104,3982) 62x48
15 6 61 (7104,4848) 58x47
15 6 62 (6877,5257) 62x47
15 6 63 (6877,5894) 62x47
15 6 64 (6877,6394) 62x48
15 6 65 (6878,7307) 62x41
15 6 66 (7331,6486) 62x47
15 6 67 (6241,6964) 61x48
15 6 68 (6195,4893) 62x47
15 6 69 (6331,5348) 62x48
15 6 69 (6059,5348) 62x48
15 6 69 (6059,4438) 62x48
15 6 70 (6560,5030) 61x47
15 6 70 (6560,4757) 61x47
15 6 71 (6196,5530) 57x48
15 6 72 (6584,5865) 56x54
15 6 73 (6514,5576) 61x48
15 6 74 (6332,5895) 61x47
15 6 75 (6151,5848) 61x48
15 6 76 (5920,5659) 70x62
15 6 77 (6014,5668) 60x47
15 6 78 (5787,5531) 61x47
15 6 79 (5651,5349) 61x47
15 6 80 (5650,5531) 62x46
15 6 81 (5900,5212) 58x47
15 6 82 (5695,5121) 62x46
15 6 83 (5513,5076) 62x46
15 6 84 (5922,4894) 62x46
15 6 85 (5741,4574) 62x47
15 6 85A (5412,4622) 88x42
15 6 86 (5604,4255) 62x47
15 6 87 (6195,4256) 61x47
15 6 88 (5877,4211) 62x46
15 6 89 (6650,4211) 62x47
15 6 90 (6422,3870) 62x47
15 6 91 (6195,4074) 58x48
15 6 92 (5150,4940) 62x47
15 6 93 (5286,5166) 62x47
15 6 94 (5513,4940) 62x47
15 6 95 (5241,4438) 62x48
15 6 95A (5105,3583) 107x45
15 6 96 (4968,4255) 62x48
15 6 97 (4786,4234) 61x47
15 6 98 (4730,4384) 62x48
15 6 99A (4907,5254) 94x47
15 6 99B (4908,5713) 93x47
15 6 100 (5323,5984) 84x49
15 6 101 (6142,6394) 79x48
15 6 102 (5595,6486) 84x47
15 6 103 (4914,6486) 84x47
15 6 104 (4641,4756) 84x47
15 6 105 (4505,4210) 84x47
15 6 106 (4230,4440) 86x42
15 6 107 (3860,4556) 91x50
15 6 108 (5165,5530) 83x47
15 6 108 (4415,5416) 83x47
15 6 108 (3460,4825) 83x47
15 6 109 (4323,6486) 84x48
15 6 110 (4009,6473) 83x44
15 6 111 (3677,6476) 96x63
15 6 112 (2732,7032) 81x46
15 6 112A (3306,7538) 115x45
15 6 113 (3141,6713) 81x45
15 6 114 (3345,6852) 84x43
15 6 114 (2937,6851) 83x44
15 6 114 (2937,6758) 83x46
15 6 114 (3346,6668) 82x46
15 6 114 (2936,6670) 83x42
15 6 114 (3343,6579) 86x44
15 6 114 (2937,6581) 82x41
15 6 115 (3296,6986) 88x44
15 6 116 (2960,6442) 84x43
15 6 117 (3322,6443) 82x44
15 6 118 (4320,7258) 87x49
15 6 119 (4322,7717) 84x43
15 6 120 (4318,6982) 87x55
15 6 121 (4050,7577) 80x47
15 6 122 (4596,7122) 84x47
15 6 123 (4001,7296) 90x59
15 6 124 (4641,7305) 84x47
15 6 125 (3323,5894) 84x47
15 6 126 (3048,6044) 84x47
15 6 127 (3505,5462) 83x48
15 6 128 (3232,5143) 84x47
15 6 129 (4414,5871) 84x48
15 6 130 (4050,5555) 81x42
15 6 131 (3733,5530) 79x47
15 6 132 (4137,5737) 87x42
15 6 133 (3914,5939) 84x47
15 6 134 (3733,5739) 77x38
15 6 135 (3641,6031) 84x47
15 6 136 (2187,4939) 84x47
15 6 137 (2914,5120) 83x48
15 6 138 (2914,5530) 84x47
15 6 139 (2755,5735) 84x48
15 6 140 (2551,5393) 84x47
15 6 141 (2278,5758) 80x47
15 6 142 (1823,5120) 84x47
15 6 143 (1051,5622) 84x47
15 6 144 (1997,5451) 97x69
15 6 145 (1914,4665) 84x47
15 6 146 (2060,4031) 81x43
15 6 147 (1914,3891) 83x48
15 6 148 (2164,4210) 84x47
15 6 149 (1547,4391) 83x50
15 6 150 (1324,4301) 84x47
15 6 151 (1414,3801) 80x47
15 6 152 (1460,3572) 84x49
15 6 153 (1187,3572) 84x49
15 6 154 (960,4301) 84x47
15 6 155 (1187,5165) 84x47
15 6 156 (1300,4645) 80x40
15 6 157 (1051,4848) 83x48
15 6 158 (915,5075) 91x47
15 6 159 (596,5120) 84x48
15 6 160 (506,4529) 84x47
15 6 161 (506,3801) 80x47
15 6 161A (127,3687) 115x47
15 6 162 (596,3255) 84x47
15 6 163 (1096,3255) 84x47
15 6 164 (1392,3256) 80x45
15 6 165 (687,2708) 84x47
15 6 166 (1324,2753) 84x47
15 6 167 (1869,3255) 83x48
15 6 168 (2010,3628) 84x47
15 6 AV-27 (1650,3598) 100x37
15 6 SL2-3 (5074,3775) 53x30
15 6 SL4-28 (2639,7327) 113x34
15 6 SL4-53 (7491,6675) 73x31
15 6 SL6-25 (305,5674) 76x32
15 6 SL6-56 (1614,2232) 72x29
15 6 SL7-6 (926,3601) 53x32
15 6 SL10A-30 (5067,167) 100x35
15 6 SL12-13 (280,3487) 93x34
15 6 SL13-27 (1861,5882) 89x30
15 6 T3 (4739,7393) 67x52
15 6 T4 (5348,3627) 49x32
15 6 T10 (3225,1570) 92x48
15 6 T14 (465,3008) 70x39
15 6 T15 (4046,274) 83x42
15 6 T15 (2454,829) 96x58
15 6 T16 (465,3507) 69x43
15 6 T23 (5101,1747) 75x53
16 7 1 (4467,2755) 24x40
16 7 2 (4702,2971) 31x40
16 7 3 (5642,3080) 32x40
16 7 3 (4942,2448) 32x40
16 7 3 (4241,1420) 32x40
16 7 4 (4599,2070) 32x41
16 7 4-90 (257,1800) 65x34
16 7 5 (4797,2078) 47x53
16 7 5-2A (4723,2346) 19x22
16 7 5-27 (2625,3703) 57x26
16 7 5-85B (3022,673) 75x27
16 7 5-100 (2271,756) 75x33
16 7 5-114 (1159,3050) 75x32
16 7 5-125 (6046,3791) 72x23
16 7 5-141 (3944,5086) 74x32
16 7 6 (4631,1895) 45x41
16 7 6-5 (4531,2742) 115x65
16 7 6-6A (4991,2763) 16x24
16 7 6-65 (7656,4196) 66x31
16 7 7 (4443,1717) 31x41
16 7 8 (4462,3063) 33x40
16 7 8-24 (6155,3184) 62x34
16 7 8-137 (7139,3684) 72x27
16 7 9 (4622,3179) 49x50
16 7 9-2 (5534,3341) 43x25
16 7 9-2 (4799,3057) 51x31
16 7 9-27 (7576,5277) 56x29
16 7 9-86 (3998,1750) 56x23
16 7 9-101 (2266,277) 76x29
16 7 10 (4868,3235) 47x40
16 7 11 (4782,3372) 43x40
16 7 12 (4970,4125) 47x40
16 7 12 (4967,3536) 47x44
16 7 13 (4799,3542) 47x40
16 7 14 (5175,3337) 46x41
16 7 15 (5210,3680) 47x40
16 7 16 (5517,3541) 47x41
16 7 16A (5711,3562) 63x35
16 7 17 (5620,4159) 46x41
16 7 18 (5278,4159) 47x40
16 7 19 (4731,3817) 47x41
16 7 20 (4589,3922) 52x46
16 7 21 (4180,3868) 47x40
16 7 22 (3941,3987) 51x40
16 7 23 (3855,4193) 50x40
16 7 24 (4026,4226) 50x41
16 7 25 (4488,4193) 51x40
16 7 26 (4488,4466) 51x41
16 7 27 (4966,4672) 50x41
16 7 28 (4146,4672) 51x40
16 7 29 (4693,4844) 51x41
16 7 30 (4385,4946) 51x40
16 7 31 (4590,5015) 47x40
16 7 32 (5513,4740) 51x40
16 7 33 (6231,4774) 51x40
16 7 34 (5923,3609) 52x43
16 7 35 (6163,3748) 51x40
16 7 36 (6333,3713) 51x41
16 7 37 (6163,4261) 50x41
16 7 38 (6641,3919) 51x40
16 7 39 (6641,4261) 51x41
16 7 40 (7119,4192) 52x41
16 7 41 (7221,4501) 48x41
16 7 42 (7631,4501) 52x41
16 7 43 (6879,4911) 52x41
16 7 44 (6610,4658) 47x57
16 7 44A (6735,4795) 63x31
16 7 45 (6230,6588) 52x41
16 7 45 (6367,5972) 52x41
16 7 45 (6298,5288) 52x41
16 7 46 (6572,4945) 52x41
16 7 47 (6504,5191) 66x56
16 7 48 (6469,5493) 52x41
16 7 49 (6264,5458) 52x41
16 7 50 (6863,5511) 50x40
16 7 51 (6778,6042) 47x40
16 7 51A (7039,6127) 75x46
16 7 51B (7244,6471) 81x38
16 7 51C (7655,6247) 75x40
16 7 51D (7210,6007) 75x40
16 7 51E (6801,5704) 71x40
16 7 51F (7298,5408) 70x40
16 7 52 (7496,5323) 50x40
16 7 53 (6517,6246) 41x31
16 7 54 (6846,6452) 50x41
16 7 55 (6573,6864) 51x40
16 7 56 (6966,6827) 51x43
16 7 57 (6009,6726) 50x41
16 7 58 (5684,6864) 51x40
16 7 58 (5872,6760) 51x40
16 7 59 (5242,6595) 33x23
16 7 60 (5615,6382) 52x41
16 7 61 (5717,5903) 48x41
16 7 62 (5940,5699) 51x41
16 7 63 (6059,5322) 52x41
16 7 64 (5966,4970) 42x29
16 7 65 (5717,5288) 52x41
16 7 66 (5034,5254) 52x41
16 7 67 (4863,5254) 51x42
16 7 68 (5239,5595) 52x41
16 7 69 (4897,5561) 52x42
16 7 70 (5582,5562) 51x41
16 7 71 (5240,5870) 47x41
16 7 72 (4078,2653) 51x41
16 7 73 (4078,2276) 51x41
16 7 74 (3599,2343) 50x42
16 7 75 (3599,2927) 51x41
16 7 76 (4488,3405) 51x42
16 7 76 (3736,3337) 51x42
16 7 76A (4538,3760) 49x47
16 7 76B (4389,3714) 40x41
16 7 76C (4223,3648) 35x36
16 7 76D (4051,3628) 36x39
16 7 76E (3912,3508) 36x37
16 7 76F (3743,3505) 34x43
16 7 76G (4394,3259) 38x42
16 7 76H (4235,3215) 40x41
16 7 76I (4124,3080) 30x43
16 7 76J (3999,3079) 34x38
16 7 76K (3586,3318) 38x38
16 7 76K (3816,3032) 34x40
16 7 76K (4805,3649) 37x37
16 7 76K (4662,3311) 46x38
16 7 77 (3428,3474) 50x41
16 7 78 (3291,3851) 51x41
16 7 79 (2881,3782) 51x40
16 7 80 (2709,4398) 52x40
16 7 81 (3154,4125) 48x40
16 7 82 (3051,4313) 52x40
16 7 82 (3188,4295) 52x40
16 7 82 (2949,4261) 52x40
16 7 83 (3461,4176) 52x40
16 7 84 (3666,4226) 51x41
16 7 85 (3644,4527) 52x40
16 7 86 (3427,4671) 52x41
16 7 87 (3495,4878) 51x41
16 7 88 (3701,4740) 52x40
16 7 89 (3923,4706) 51x41
16 7 90 (3922,4494) 60x55
16 7 91 (3043,2772) 70x73
16 7 92 (3145,3013) 64x57
16 7 93 (3017,3303) 52x40
16 7 94 (2812,3216) 51x43
16 7 95 (2796,3525) 51x39
16 7 96 (3325,2173) 52x42
16 7 96A (3712,2041) 64x33
16 7 97 (3119,2037) 51x41
16 7 98 (2914,2218) 52x41
16 7 99 (2880,2002) 52x42
16 7 100 (2739,2002) 66x41
16 7 101 (2466,2002) 62x41
16 7 102 (2278,2174) 66x40
16 7 103 (2534,2789) 66x40
16 7 104 (2312,3062) 65x41
16 7 105 (2209,2772) 66x40
16 7 106 (2021,2411) 66x43
16 7 107 (1766,2630) 76x46
16 7 108 (1850,2961) 66x40
16 7 109 (1508,3012) 66x41
16 7 110 (1251,2893) 66x45
16 7 111 (1432,2613) 78x46
16 7 112 (1646,2208) 64x40
16 7 113 (1167,2139) 66x40
16 7 114 (739,2481) 65x41
16 7 115 (705,2105) 66x40
16 7 116 (791,1881) 66x41
16 7 117 (466,2191) 65x41
16 7 118 (364,1865) 65x40
16 7 119 (1919,1250) 66x41
16 7 120 (2466,1454) 66x40
16 7 121 (2363,1797) 62x40
16 7 122 (1919,1691) 66x40
16 7 123 (1543,1899) 66x40
16 7 124 (1645,1522) 65x41
16 7 125 (1064,1626) 66x40
16 7 126 (1030,1317) 66x41
16 7 127 (1543,1146) 65x41
16 7 128 (1132,975) 66x40
16 7 129 (1645,839) 66x41
16 7 130 (1950,663) 75x49
16 7 131 (2055,1112) 62x40
16 7 132 (2260,1112) 66x40
16 7 133 (1974,502) 59x32
16 7 134 (1508,358) 65x41
16 7 135 (1228,537) 28x31
16 7 136 (2021,255) 66x41
16 7 137 (2193,633) 64x41
16 7 138 (2397,497) 66x40
16 7 139 (2431,633) 66x41
16 7 140 (2978,906) 66x41
16 7 141 (3167,683) 60x41
16 7 142 (3388,803) 66x42
16 7 143 (3183,1043) 66x41
16 7 144 (3013,1522) 64x41
16 7 145 (3047,1762) 66x41
16 7 146 (3457,1762) 66x41
16 7 147 (3992,1791) 64x42
16 7 148 (3786,1202) 59x32
16 7 SL4-45 (6815,4695) 87x27
16 7 SL6-18 (1258,382) 58x27
16 7 SL6-26 (3378,4541) 60x30
16 7 SL7-9A (3803,1459) 61x27
16 7 SL7-31 (2113,1476) 57x25
16 7 SL9-49 (1156,2641) 57x24
16 7 SL13-33 (5303,6493) 72x24
16 7 T11 (3185,1525) 55x34
16 7 T16 (4667,1861) 59x34
16 7 T17 (4585,1946) 58x34
16 7 T17 (1322,2809) 57x45
16 7 T18 (1322,2968) 58x47
17 8 1 (1912,3307) 25x31
17 8 2 (2238,4257) 27x35
17 8 2 (1645,3812) 27x35
17 8 2 (1320,3221) 27x35
17 8 2 (1023,2862) 27x35
17 8 3 (1881,3072) 28x31
17 8 3-41A (1136,2555) 70x25
17 8 4 (2207,3041) 26x34
17 8 5 (2267,2891) 27x33
17 8 5-63 (2076,2227) 52x28
17 8 6 (2414,3045) 28x29
17 8 6-1 (1977,3412) 34x24
17 8 6-20 (1415,2349) 53x23
17 8 6-44B (3427,2326) 68x26
17 8 6-60 (4150,3343) 51x24
17 8 6-106 (2247,3946) 66x30
17 8 7 (2387,3338) 25x34
17 8 7-34 (2433,4603) 48x23
17 8 7-40 (3515,4854) 48x23
17 8 7A (2328,3220) 29x30
17 8 7B (2387,3221) 30x32
17 8 7C (2443,3217) 33x35
17 8 7D (2507,3217) 27x33
17 8 7E (2327,3453) 31x33
17 8 7F (2384,3452) 29x34
17 8 7G (2439,3451) 39x33
17 8 7H (2497,3449) 40x39
17 8 8 (2859,3309) 29x30
17 8 9 (2651,3042) 28x30
17 8 9-57 (2993,4334) 49x23
17 8 9-139 (4056,1428) 60x22
17 8 9-147 (5152,1458) 62x23
17 8 9-150 (5020,1666) 62x24
17 8 10 (2557,3103) 39x28
17 8 11 (2854,2804) 37x34
17 8 12 (3002,2968) 41x34
17 8 13 (3239,3042) 41x34
17 8 14 (3062,3159) 39x35
17 8 15 (3328,3218) 41x35
17 8 16 (3062,3398) 36x28
17 8 17 (3328,3545) 40x35
17 8 18 (3121,3634) 42x34
17 8 19 (3151,3843) 41x34
17 8 20 (2762,3606) 44x33
17 8 21 (2911,3783) 40x34
17 8 22 (2881,4170) 44x33
17 8 23 (3042,4235) 39x32
17 8 24 (2616,4318) 38x30
17 8 25 (2230,3813) 38x30
17 8 26 (2004,3818) 41x29
17 8 27 (1738,2967) 37x30
17 8 28 (1814,2833) 41x30
17 8 29 (1903,2567) 44x34
17 8 30 (1550,2748) 36x27
17 8 31 (1521,2599) 36x27
17 8 32 (1695,2478) 45x33
17 8 33 (1403,2418) 37x28
17 8 34 (1310,2506) 45x35
17 8 35 (1902,2151) 45x33
17 8 36 (1695,2242) 45x31
17 8 37 (1488,2090) 44x34
17 8 38 (1014,2033) 46x31
17 8 39 (777,2032) 45x32
17 8 40 (569,2090) 45x34
17 8 41 (362,2031) 41x35
17 8 42 (891,2317) 37x29
17 8 43 (816,2360) 37x30
17 8 44 (1073,2373) 43x34
17 8 45 (1325,2120) 45x35
17 8 46 (1428,1765) 45x34
17 8 47 (1547,1557) 44x34
17 8 48 (1340,1557) 46x34
17 8 49 (1066,1627) 45x34
17 8 50 (892,1681) 44x33
17 8 51 (867,1409) 40x35
17 8 52 (778,1616) 44x35
17 8 53 (304,1409) 44x33
17 8 54 (261,1634) 38x24
17 8 55 (1091,1247) 37x28
17 8 56 (1341,1112) 44x33
17 8 57 (1536,1374) 43x34
17 8 58 (2081,1415) 45x33
17 8 59 (1844,1023) 44x33
17 8 60 (2136,790) 45x31
17 8 61 (1813,1351) 41x34
17 8 62 (1902,1767) 45x33
17 8 63 (2347,1500) 45x31
17 8 64 (2258,1675) 43x34
17 8 65 (2304,1898) 40x31
17 8 66 (2288,2339) 45x29
17 8 66A (2165,2183) 55x28
17 8 67 (3028,2625) 44x34
17 8 68 (3621,2983) 46x31
17 8 69 (2850,2300) 45x32
17 8 70 (3208,2299) 43x34
17 8 71 (3549,2151) 38x35
17 8 72 (3119,1869) 43x35
17 8 73 (3021,1758) 36x29
17 8 74 (2867,1601) 41x34
17 8 75 (2556,1795) 43x34
17 8 76 (2408,1112) 43x34
17 8 77 (2734,1230) 42x34
17 8 78 (2882,994) 44x34
17 8 79 (2852,845) 43x34
17 8 80 (2703,668) 43x30
17 8 81 (3128,854) 60x46
17 8 82 (3061,728) 38x27
17 8 83 (3147,1114) 45x31
17 8 84 (3532,1557) 43x34
17 8 85 (3443,1705) 45x34
17 8 86 (3561,1352) 45x31
17 8 87 (4198,1260) 45x34
17 8 88 (4510,1291) 46x29
17 8 89 (4599,890) 45x30
17 8 90 (4347,727) 45x30
17 8 91 (4214,846) 41x34
17 8 92 (4466,987) 46x42
17 8 93 (4318,1187) 45x32
17 8 94 (4035,964) 43x34
17 8 95 (3769,1023) 45x33
17 8 95A (3759,1142) 65x35
17 8 96 (3561,1172) 45x32
17 8 97 (3356,965) 39x30
17 8 98 (3561,757) 46x30
17 8 99 (3769,757) 45x30
17 8 100 (3764,430) 58x34
17 8 100A (3754,137) 73x30
17 8 101 (3468,282) 54x34
17 8 102 (3305,432) 54x29
17 8 103 (3467,549) 57x33
17 8 104 (4239,429) 56x35
17 8 105 (3883,1854) 58x35
17 8 106 (4120,1855) 58x34
17 8 107 (3823,1972) 57x35
17 8 108 (4532,1737) 59x32
17 8 109 (4683,1499) 58x34
17 8 110 (5064,1715) 70x49
17 8 111 (4120,2300) 54x34
17 8 112 (3823,2448) 58x34
17 8 113 (3616,2388) 58x34
17 8 114 (3897,2655) 56x35
17 8 115 (4239,2447) 58x35
17 8 116 (4358,2892) 58x34
17 8 117 (4506,2877) 57x35
17 8 118 (4622,2529) 59x34
17 8 118A (5030,2451) 72x31
17 8 119 (5602,1488) 58x53
17 8 120 (5602,2003) 58x34
17 8 121 (5988,2092) 51x30
17 8 122 (5631,2415) 58x34
17 8 123 (5218,2092) 54x31
17 8 124 (5186,2359) 55x32
17 8 125 (4654,2090) 58x35
17 8 126 (5009,2091) 58x34
17 8 127 (4506,2343) 57x35
17 8 128 (4090,3160) 59x34
17 8 129 (3912,3339) 58x34
17 8 130 (4328,3042) 58x34
17 8 131 (4211,3255) 62x34
17 8 132 (4402,3398) 58x34
17 8 133 (4476,3546) 58x34
17 8 134 (3720,3339) 54x30
17 8 135 (3572,3692) 58x35
17 8 136 (3557,4169) 58x34
17 8 137 (3675,4405) 57x35
17 8 138 (3931,4153) 54x30
17 8 139 (4134,3902) 58x34
17 8 140 (3912,3768) 58x35
17 8 141 (4358,4198) 54x35
17 8 142 (4507,4407) 54x32
17 8 143 (4446,4672) 58x35
17 8 144 (4298,4820) 56x35
17 8 145 (4832,2847) 58x35
17 8 146 (4818,3029) 50x26
17 8 147 (5098,2952) 57x35
17 8 147A (4989,2981) 33x32
17 8 147B (4990,2922) 29x29
17 8 147C (5050,2864) 31x28
17 8 147D (5112,2863) 27x28
17 8 147E (5170,2862) 29x33
17 8 147F (5232,2921) 24x34
17 8 147G (5230,2983) 28x29
17 8 148 (5040,3278) 55x31
17 8 149 (5069,3545) 58x35
17 8 150 (4778,3472) 52x33
17 8 151 (4771,3722) 55x36
17 8 152 (4950,3713) 54x29
17 8 153 (5070,3767) 58x43
17 8 154 (5424,3041) 56x35
17 8 155 (5335,2832) 58x35
17 8 156 (5557,3248) 58x35
17 8 157 (5454,3515) 57x35
17 8 158 (5409,3812) 59x35
17 8 159 (5809,3633) 58x35
17 8 160 (5705,3427) 58x34
17 8 161 (6194,3679) 54x34
17 8 162 (6313,3516) 58x34
17 8 163 (5957,3339) 58x34
17 8 164 (6032,3103) 53x28
17 8 165 (5600,2983) 57x30
17 8 166 (5987,2685) 58x34
17 8 166A (6206,2107) 90x33
17 8 167 (6446,2891) 57x35
17 8 168 (6816,2626) 59x34
17 8 169 (7113,3101) 58x34
17 8 170 (7750,3049) 59x36
17 8 171 (6368,3185) 56x36
17 8 SL10A-1 (1352,923) 62x25
17 8 SL10A-9 (3182,776) 64x25
17 8 SL12-21 (167,1620) 61x25
17 8 SL15-12 (2063,612) 63x25
17 8 T18 (835,1577) 47x23
17 8 T19 (717,1577) 44x24
17 8 T21 (5273,3635) 57x30
17 8 T22 (5631,3635) 55x30
18 9 1 (3531,3774) 44x58
18 9 2 (4231,4088) 30x32
18 9 2 (3738,3569) 29x37
18 9 3 (4062,3989) 29x36
18 9 4 (4692,3525) 29x38
18 9 4 (5000,3525) 29x38
18 9 4 (5676,3525) 29x38
18 9 4 (5170,4080) 42x37
18 9 4 (4938,3279) 28x37
18 9 4 (5307,3340) 28x37
18 9 4 (4323,3710) 28x37
18 9 4 (4815,3833) 28x37
18 9 4 (5553,3957) 28x37
18 9 4 (5615,4203) 28x37
18 9 5 (4873,3933) 30x37
18 9 5 (5365,3706) 30x36
18 9 5 (4581,3571) 29x36
18 9 5 (5378,4102) 30x34
18 9 5-52B (3694,4514) 72x31
18 9 6 (4683,3756) 30x35
18 9 6-112A (3892,5452) 87x31
18 9 7 (4878,2972) 27x36
18 9 7 (4570,3403) 27x36
18 9 7 (3955,3588) 27x36
18 9 7-2 (3617,3636) 43x31
18 9 7-14 (3700,3637) 53x29
18 9 7-52 (6010,5611) 56x31
18 9 7-64 (4955,5314) 55x31
18 9 7-136 (1609,1693) 71x31
18 9 7-146 (2626,2510) 70x31
18 9 7-147 (3118,2449) 68x30
18 9 8 (5000,2780) 30x36
18 9 8-23 (6197,3475) 56x28
18 9 8-95A (5946,1431) 72x31
18 9 8-110 (7225,1556) 69x31
18 9 8-119 (7317,1186) 69x31
18 9 9 (4751,3194) 28x43
18 9 9 (4292,3435) 29x34
18 9 10 (4455,3448) 45x49
18 9 10-1 (4634,802) 51x31
18 9 10-31 (6815,154) 62x28
18 9 11 (5611,3650) 38x36
18 9 12 (5058,3650) 41x47
18 9 13 (6073,3926) 42x37
18 9 13 (5888,4081) 42x36
18 9 13A (6113,4137) 62x36
18 9 14 (6073,3772) 40x37
18 9 15 (5950,3788) 41x36
18 9 16 (5734,4451) 42x36
18 9 17 (5181,4296) 40x36
18 9 18 (5368,4481) 42x36
18 9 19 (5365,4727) 42x37
18 9 20 (4992,4943) 46x36
18 9 21 (5331,5066) 42x36
18 9 22 (5284,5206) 45x36
18 9 23 (5557,5076) 46x36
18 9 23 (5946,5221) 46x36
18 9 23 (5568,5437) 46x36
18 9 24 (5950,4881) 44x37
18 9 25 (5669,4913) 46x36
18 9 26 (6100,5252) 46x36
18 9 27 (6091,5639) 44x36
18 9 28 (5522,5828) 45x35
18 9 29 (4931,4204) 46x36
18 9 30 (4931,4544) 45x33
18 9 31 (4223,4420) 42x36
18 9 32 (4438,4389) 45x36
18 9 33 (4033,4481) 46x36
18 9 34 (3710,4212) 44x37
18 9 35 (3534,4530) 45x35
18 9 36 (3669,4389) 46x36
18 9 37 (4377,4821) 44x36
18 9 38 (4223,4851) 46x36
18 9 39 (3946,5160) 45x34
18 9 40 (4314,5343) 46x37
18 9 41 (4837,5034) 42x37
18 9 42 (4684,5251) 46x37
18 9 43 (4558,5443) 47x37
18 9 44 (4212,5555) 45x37
18 9 45 (4622,5743) 47x37
18 9 46 (4222,5743) 47x37
18 9 47 (5114,5713) 45x37
18 9 48 (5114,5435) 47x37
18 9 49 (5053,2601) 47x37
18 9 50 (5207,2448) 46x36
18 9 51 (4776,2757) 43x36
18 9 52 (5514,2849) 46x36
18 9 53 (5637,2910) 47x36
18 9 54 (5699,3093) 45x37
18 9 55 (5976,3157) 47x36
18 9 56 (6006,3372) 47x36
18 9 57 (6031,3500) 44x36
18 9 58 (5360,2510) 47x36
18 9 59 (5545,2571) 47x36
18 9 59A (5597,2418) 66x36
18 9 60 (5668,2757) 46x36
18 9 61 (5668,2201) 43x36
18 9 62 (5945,2479) 46x36
18 9 63 (6068,2387) 47x36
18 9 63A (6042,2264) 67x35
18 9 64 (6068,2570) 45x37
18 9 64A (6042,2693) 67x37
18 9 65 (4033,2999) 56x42
18 9 66 (3853,3404) 47x35
18 9 67 (3699,3033) 45x36
18 9 68 (3463,3270) 47x36
18 9 69 (3053,3742) 46x36
18 9 70 (4315,2787) 46x36
18 9 71 (4773,2354) 49x39
18 9 71 (4623,2479) 42x36
18 9 72 (4654,2324) 45x37
18 9 73 (4285,2201) 46x36
18 9 74 (4563,1902) 44x37
18 9 74 (4684,2043) 44x37
18 9 75 (3977,2293) 46x36
18 9 76 (4223,1893) 46x36
18 9 77 (4623,1739) 44x36
18 9 78 (4346,1185) 46x36
18 9 79 (4131,969) 45x36
18 9 80 (4560,969) 46x36
18 9 81 (4684,1339) 43x36
18 9 82 (4345,785) 46x36
18 9 83 (3330,1492) 47x36
18 9 83 (3822,1492) 47x36
18 9 83 (3699,2109) 47x36
18 9 84 (3638,1830) 45x37
18 9 85 (3453,2293) 47x36
18 9 86 (3084,2110) 46x34
18 9 87 (3453,2663) 45x36
18 9 88 (3238,2849) 47x36
18 9 89 (3176,2941) 46x36
18 9 90 (3053,2694) 46x36
18 9 91 (2807,2818) 43x36
18 9 92 (2534,2760) 40x31
18 9 93 (2315,2725) 47x37
18 9 93A (2452,2896) 66x35
18 9 94 (2161,2971) 45x37
18 9 95 (2530,3125) 47x37
18 9 96 (2807,3249) 47x36
18 9 97 (3022,3280) 45x36
18 9 98 (2776,1247) 47x36
18 9 99 (2776,630) 47x36
18 9 99A (2828,401) 66x35
18 9 100 (2281,1678) 59x36
18 9 101 (1911,1678) 55x36
18 9 102 (2065,1956) 58x36
18 9 103 (2496,1956) 59x36
18 9 104 (2281,2170) 57x37
18 9 105 (2127,1431) 59x36
18 9 106 (2281,1216) 59x36
18 9 107 (1942,1092) 57x36
18 9 108 (2927,1956) 59x36
18 9 108A (2539,2263) 87x36
18 9 109 (2034,2479) 59x36
18 9 109 (1696,2571) 59x36
18 9 109 (1142,2849) 59x36
18 9 110 (1542,2665) 54x33
18 9 111A (1822,2382) 95x46
18 9 111B (1477,2483) 79x36
18 9 112 (1696,2849) 58x36
18 9 112A (1916,2663) 79x36
18 9 113 (1296,2725) 59x37
18 9 114 (1296,3032) 57x37
18 9 115 (1094,3042) 59x36
18 9 116 (1444,2955) 60x38
18 9 117 (1265,3219) 57x36
18 9 118 (1542,3280) 59x36
18 9 119 (1788,3650) 58x36
18 9 120 (650,3002) 58x36
18 9 121 (619,2479) 55x36
18 9 122 (896,2602) 58x36
18 9 123 (619,3650) 59x36
18 9 124 (558,3864) 57x37
18 9 125 (881,4081) 58x36
18 9 126 (1265,3650) 59x36
18 9 127 (5237,1884) 78x54
18 9 128 (5557,1986) 58x36
18 9 129 (5164,1922) 58x37
18 9 130 (5049,1678) 59x36
18 9 131 (5464,2217) 54x36
18 9 132 (5480,1235) 58x36
18 9 133 (5448,1803) 59x33
18 9 134 (5741,1769) 57x37
18 9 135 (5849,1170) 59x36
18 9 136 (5989,1246) 59x36
18 9 137 (6249,1247) 57x36
18 9 138 (6526,1277) 59x36
18 9 139 (6064,1431) 58x36
18 9 140 (6482,590) 80x56
18 9 141 (6784,233) 54x37
18 9 142 (6618,721) 58x38
18 9 143 (7046,999) 70x45
18 9 144 (7510,815) 57x37
18 9 145 (7633,999) 59x37
18 9 146 (7603,1215) 59x37
18 9 147 (7403,1200) 57x37
18 9 148 (7424,1357) 59x37
18 9 149 (7080,1307) 59x37
18 9 150 (6941,1555) 58x36
18 9 SL2-6 (5382,2143) 44x28
18 9 SL6-4A (857,3991) 86x31
18 9 SL9-37 (1782,3768) 82x30
18 9 SL10A-8 (2756,139) 70x31
18 9 SL13-32 (4110,5545) 69x30
18 9 T19 (3143,3282) 52x31
18 9 T20 (3020,3389) 52x31
18 9 T24 (3020,3174) 51x31
19 10 1 (1571,2409) 55x52
19 10 2 (2178,2418) 28x34
19 10 3 (2030,2685) 28x34
19 10 4 (2029,2150) 28x36
19 10 5 (2655,2820) 21x27
19 10 6 (2771,3279) 28x33
19 10 7 (2771,3516) 27x35
19 10 8 (2089,3219) 29x34
19 10 9 (3126,3486) 28x34
19 10 9-82 (638,2422) 58x28
19 10 9-141 (3541,4007) 62x24
19 10 10 (2794,1379) 43x35
19 10 10-32 (6525,4376) 118x46
19 10 10-32 (5577,4376) 118x46
19 10 10-32 (6525,3902) 118x46
19 10 10-32 (5577,3902) 118x46
19 10 10-33 (6970,4465) 118x46
19 10 11 (2705,1082) 39x35
19 10 12 (3090,1379) 43x35
19 10 13 (2972,1795) 43x35
19 10 14 (2647,2416) 41x36
19 10 15 (4269,2624) 49x38
19 10 15 (3141,2621) 58x39
19 10 15 (3052,2169) 57x46
19 10 15 (4306,2108) 46x48
19 10 16 (3210,2417) 42x35
19 10 16 (531,949) 58x48
19 10 17 (3417,1874) 38x29
19 10 18 (3862,1806) 39x31
19 10 19 (3851,2011) 67x61
19 10 20 (4599,2418) 45x34
19 10 21 (4273,2432) 41x35
19 10 21 (1681,793) 58x47
19 10 22 (4569,2626) 45x34
19 10 23 (4437,2893) 44x34
19 10 24 (3888,3026) 44x35
19 10 25 (3894,3161) 34x30
19 10 26 (3431,2836) 39x28
19 10 27 (3385,3278) 44x35
19 10 28 (4031,3338) 48x36
19 10 29 (3947,3560) 45x35
19 10 30 (4244,3605) 45x34
19 10 31 (3883,3815) 47x59
19 10 31 (4474,3634) 59x45
19 10 32 (4066,2626) 45x34
19 10 32 (3622,2567) 45x34
19 10 32 (4095,2241) 45x34
19 10 32 (3651,2181) 45x34
19 10 32 (804,1007) 31x29
19 10 33 (3859,2567) 45x34
19 10 33 (3740,2270) 45x34
19 10 33 (1001,878) 56x43
19 10 34 (3770,2416) 44x36
19 10 34 (1200,740) 56x41
19 10 35 (1173,597) 60x46
19 10 35 (3862,2361) 36x30
19 10 36 (6069,4107) 74x57
19 10 37 (6987,4108) 74x55
19 10 38 (3652,1172) 38x30
19 10 39 (4095,1260) 45x36
19 10 40 (4183,1467) 46x36
19 10 41 (4094,1022) 42x36
19 10 42 (4361,1081) 46x36
19 10 43 (4509,1081) 46x36
19 10 44 (4509,1408) 45x36
19 10 45 (4391,1645) 46x36
19 10 46 (4361,1942) 46x36
19 10 47 (4657,1823) 45x37
19 10 48 (4835,1823) 46x36
19 10 49 (5013,1823) 46x36
19 10 50 (5014,2417) 45x35
19 10 51 (5725,2417) 41x35
19 10 52A (5211,2031) 66x35
19 10 52B (5449,1675) 65x35
19 10 53 (5251,1675) 45x35
19 10 54 (5695,1912) 44x36
19 10 55 (5223,2834) 39x30
19 10 56 (5754,2921) 45x36
19 10 57 (6051,2417) 44x36
19 10 58 (6051,2210) 45x35
19 10 59 (6051,2625) 45x35
19 10 60 (6436,2418) 45x34
19 10 61 (6584,2031) 42x35
19 10 62 (6939,2418) 45x34
20 SL1 1 (1912,766) 77x117
20 SL1 2 (2055,967) 90x114
20 SL1 2-1 (2140,408) 116x71
20 SL1 3 (2054,6274) 92x117
20 SL1 3 (2054,1368) 92x116
20 SL1 4 (2452,6072) 94x116
20 SL1 4 (2052,2567) 94x116
20 SL1 5 (3353,5673) 92x117
20 SL1 5 (3353,2268) 92x118
20 SL1 6 (2054,4571) 92x117
20 SL1 7 (756,5674) 88x117
20 SL1 7 (756,2269) 88x118
20 SL1 8 (2053,5574) 94x116
20 SL1 8 (1854,1920) 93x116
20 SL1 9 (2454,6875) 92x116
20 SL1 9 (4453,3771) 92x116
20 SL1 10 (2100,7340) 89x83
20 SL1 10 (4434,3170) 140x117
20 SL1 11 (3134,7125) 131x115
20 SL1 11 (5433,4071) 131x115
20 SL1 12 (4434,4971) 139x115
20 SL1 13 (935,7125) 140x117
20 SL1 13 (3434,4071) 140x117
20 SL1 AV-14 (2098,225) 230x80
21 SL2 1 (1634,2732) 84x131
21 SL2 1A (623,2003) 179x131
21 SL2 1B (625,2489) 174x132
21 SL2 1C (623,2975) 178x133
21 SL2 1D (621,3460) 181x131
21 SL2 1E (2568,2003) 167x131
21 SL2 1F (2570,2489) 164x132
21 SL2 1G (2559,2975) 183x133
21 SL2 1H (2557,3460) 185x131
21 SL2 2 (3201,3826) 100x130
21 SL2 2-45 (1691,1054) 162x94
21 SL2 2A (3644,4067) 187x132
21 SL2 2B (3768,2733) 182x130
21 SL2 3 (3806,2369) 102x132
21 SL2 4 (3675,6058) 86x97
21 SL2 5 (5380,3097) 103x132
21 SL2 6 (5379,1153) 104x135
21 SL2 6-95A (3839,2026) 260x95
21 SL2 9-131 (6361,1530) 228x96
22 SL3 1 (3601,496) 51x81
22 SL3 1A (3375,674) 96x81
22 SL3 2 (3221,1406) 66x78
22 SL3 2-56F (3567,141) 117x44
22 SL3 2A (3228,1068) 104x81
22 SL3 3 (2314,979) 68x75
22 SL3 3-123 (2980,431) 112x46
22 SL3 3-135 (2104,1967) 106x45
22 SL3 3A (2775,765) 104x79
22 SL3 3B (2428,756) 50x36
22 SL3 3C (2295,231) 104x76
22 SL3 3D (2295,1404) 106x80
22 SL3 3E (1834,777) 70x53
22 SL3 4 (1405,548) 66x82
22 SL3 5 (1407,1296) 68x78
22 SL3 5A (1134,1360) 78x58
22 SL3 6 (1778,1248) 70x74
22 SL3 7 (1461,1671) 64x81
22 SL3 8 (1779,1889) 69x74
22 SL3 9 (1833,1620) 69x72
22 SL3 10 (2413,1778) 90x80
22 SL3 11 (2742,1470) 72x51
22 SL3 12 (4122,1138) 84x80
22 SL3 13 (3969,1833) 76x78
22 SL3 14 (3746,1295) 86x82
22 SL3 15 (3480,1777) 90x81
22 SL3 16 (2733,1886) 90x80
22 SL3 17 (3855,2152) 82x80
22 SL3 18 (3535,2472) 84x80
22 SL3 19 (3748,3327) 84x80
22 SL3 20 (2676,2955) 90x78
22 SL3 21 (2143,2632) 83x80
22 SL3 22 (2889,3222) 90x78
22 SL3 23 (2700,4053) 90x78
22 SL3 24 (2676,4394) 87x81
22 SL3 25 (3582,4341) 90x81
22 SL3 26 (2196,5198) 90x78
22 SL3 27 (2836,5462) 88x82
22 SL3 28 (3529,5893) 90x78
22 SL3 29 (1396,5785) 90x78
22 SL3 30 (199,7306) 83x79
22 SL3 EX-12 (231,7599) 180x80
22 SL3 TS-19 (953,1227) 119x59
23 SL4 1 (4464,710) 63x80
23 SL4 2 (4057,1392) 60x76
23 SL4 2A (3805,1605) 81x68
23 SL4 3 (3175,1393) 62x74
23 SL4 4 (4055,1934) 61x77
23 SL4 5 (3717,2817) 62x75
23 SL4 5 (5073,2273) 62x78
23 SL4 5-51 (4611,916) 103x47
23 SL4 6 (4057,2204) 55x69
23 SL4 6-66 (7078,5374) 106x51
23 SL4 6-112 (1608,4624) 137x52
23 SL4 7 (3535,2232) 58x78
23 SL4 7-44A (5064,6697) 142x61
23 SL4 8 (3311,1867) 62x75
23 SL4 9 (4465,2734) 62x74
23 SL4 9 (4327,2411) 61x74
23 SL4 10 (4725,1866) 89x76
23 SL4 11 (4996,1528) 81x76
23 SL4 12 (5538,1595) 89x77
23 SL4 13 (5945,4649) 90x76
23 SL4 13 (5877,1866) 90x76
23 SL4 14 (5742,2510) 88x77
23 SL4 14A (5244,2612) 136x78
23 SL4 15 (6149,2613) 90x76
23 SL4 16 (5742,3224) 90x76
23 SL4 17 (4861,3564) 87x78
23 SL4 17A (5041,3194) 130x66
23 SL4 18 (3641,3564) 90x76
23 SL4 18A (3823,3196) 125x66
23 SL4 19 (2759,3632) 89x76
23 SL4 20 (2344,2886) 98x76
23 SL4 21 (1734,3020) 90x77
23 SL4 22 (2344,2478) 98x76
23 SL4 23 (2954,2614) 99x76
23 SL4 23A (3337,2478) 145x76
23 SL4 24 (2479,1934) 97x78
23 SL4 25 (2886,2070) 99x77
23 SL4 26 (2750,1051) 99x77
23 SL4 27 (2479,1459) 96x78
23 SL4 27A (1854,2075) 129x66
23 SL4 28 (1538,4489) 88x65
23 SL4 28 (1331,1665) 90x73
23 SL4 29 (515,1529) 98x76
23 SL4 30 (1123,2274) 99x77
23 SL4 31 (2114,4246) 76x62
23 SL4 32 (2478,4515) 99x76
23 SL4 33 (2885,4650) 100x75
23 SL4 34 (2817,5327) 98x77
23 SL4 35 (2207,5328) 100x76
23 SL4 36 (1733,6008) 100x76
23 SL4 37 (1190,5871) 97x78
23 SL4 38 (2885,6009) 100x75
23 SL4 39 (3088,6416) 100x75
23 SL4 40 (4307,5055) 100x77
23 SL4 40A (3810,5260) 147x78
23 SL4 40B (3235,4920) 146x78
23 SL4 40C (3216,5695) 100x145
23 SL4 40D (4283,5463) 149x78
23 SL4 40E (4830,5055) 141x78
23 SL4 40F (5272,5701) 139x77
23 SL4 40G (4283,5836) 150x77
23 SL4 41 (3358,5939) 92x77
23 SL4 42 (3901,6007) 100x78
23 SL4 43 (4172,6142) 101x77
23 SL4 44 (4443,6414) 99x77
23 SL4 45 (5196,6389) 81x61
23 SL4 46 (5595,6007) 101x77
23 SL4 46 (4782,6007) 101x77
23 SL4 47 (5053,5870) 98x79
23 SL4 48 (5866,6142) 101x77
23 SL4 49 (6205,5870) 101x77
23 SL4 50 (5800,5702) 99x75
23 SL4 51 (5732,5328) 91x76
23 SL4 52A (6082,5328) 146x77
23 SL4 52B (6422,5328) 145x77
23 SL4 53 (6753,5128) 86x65
23 SL4 54 (6206,4920) 98x77
23 SL4 55 (5097,4515) 95x75
23 SL4 56 (5528,4514) 100x75
23 SL4 57 (4715,4649) 97x78
23 SL4 58 (4308,4446) 100x76
23 SL4 59 (3902,4446) 99x75
23 SL4 60 (3495,4514) 99x75
23 SL4 61 (1258,4038) 93x78
23 SL4 62 (1164,5102) 75x62
23 SL4 63 (784,4649) 100x76
23 SL4 AV-16 (1131,5610) 147x52
23 SL4 SL4-4 (4015,4836) 134x44
23 SL4 SL4-40 (3913,2269) 347x125
23 SL4 SL5-24 (2028,4085) 115x53
24 SL5 1 (1288,3198) 60x98
24 SL5 1A (848,3184) 106x85
24 SL5 1B (1297,2866) 98x77
24 SL5 1C (1620,3148) 127x100
24 SL5 2 (572,2607) 79x101
24 SL5 2A (476,3190) 134x99
24 SL5 3 (1277,2412) 81x99
24 SL5 4 (1670,2765) 76x99
24 SL5 4-165 (672,5535) 296x150
24 SL5 5 (1160,5162) 81x97
24 SL5 6 (1551,4102) 82x97
24 SL5 7 (1945,3670) 77x99
24 SL5 7-95 (6184,1681) 131x69
24 SL5 8 (2139,4178) 82x101
24 SL5 9 (1825,5239) 82x99
24 SL5 10 (2403,5240) 114x98
24 SL5 11 (2952,5396) 104x100
24 SL5 12 (2427,3416) 113x101
24 SL5 13 (2756,3866) 114x98
24 SL5 13A (3051,3669) 150x98
24 SL5 14 (3540,3628) 112x100
24 SL5 15 (3659,4415) 113x98
24 SL5 16 (2435,2613) 108x93
24 SL5 17 (2599,2138) 111x100
24 SL5 18 (3070,2295) 114x98
24 SL5 19 (2991,2922) 114x99
24 SL5 20 (3544,2593) 124x100
24 SL5 21 (3530,2923) 114x98
24 SL5 22 (3883,1666) 122x99
24 SL5 23 (4432,2373) 124x99
24 SL5 24 (4354,1430) 122x100
24 SL5 25 (4629,1909) 124x99
24 SL5 26 (4628,3236) 124x99
24 SL5 27 (5271,2087) 121x101
24 SL5 28 (4706,4100) 124x99
24 SL5 29 (4706,5043) 124x99
24 SL5 30 (5490,4846) 125x99
24 SL5 31 (5803,5003) 115x100
24 SL5 32 (6439,5203) 105x87
24 SL5 33 (5882,4336) 125x99
24 SL5 34 (5568,4177) 123x102
24 SL5 35 (5745,3799) 125x101
24 SL5 36 (5882,2765) 125x99
24 SL5 37 (6274,3943) 122x101
24 SL5 38 (5960,3943) 125x99
24 SL5 39 (6274,4258) 125x99
24 SL5 40 (6585,4099) 127x100
24 SL5 41 (6899,2450) 117x100
24 SL5 42 (6899,3550) 126x100
24 SL5 43 (2351,1743) 127x100
24 SL5 44 (2351,1272) 125x100
24 SL5 45 (1253,1743) 127x100
24 SL5 46 (1253,1272) 127x100
24 SL5 47 (1802,879) 124x102
24 SL5 SL4-31 (4485,811) 374x83
24 SL5 SL6-36 (1627,575) 481x83
24 SL5 SL9-9 (5312,1688) 94x55
25 SL6 1 (1285,5463) 42x75
25 SL6 1A (2462,5329) 96x76
25 SL6 1B (3463,5262) 95x76
25 SL6 2 (1875,5464) 59x75
25 SL6 2A (2052,5130) 106x75
25 SL6 2B (1920,5729) 105x76
25 SL6 3 (408,6198) 61x74
25 SL6 3-87 (2379,4340) 106x47
25 SL6 4 (740,4794) 60x76
25 SL6 4A (390,4837) 84x68
25 SL6 5 (1274,4127) 61x74
25 SL6 5-115 (1434,7373) 136x56
25 SL6 6 (2874,4663) 61x73
25 SL6 6-143 (6636,5441) 127x48
25 SL6 7 (2342,4795) 58x77
25 SL6 7-86 (6180,6941) 105x56
25 SL6 7-135 (2900,1068) 132x49
25 SL6 8 (2197,4424) 39x55
25 SL6 9 (3407,4661) 61x75
25 SL6 9-125 (302,5073) 131x49
25 SL6 10 (3724,4793) 88x75
25 SL6 11 (4199,4262) 80x75
25 SL6 11 (2200,3594) 80x75
25 SL6 11 (4991,3729) 89x70
25 SL6 12 (1866,2793) 87x76
25 SL6 13 (1470,2860) 88x75
25 SL6 14 (1266,1991) 86x76
25 SL6 15 (2333,1859) 88x75
25 SL6 16 (2866,2525) 88x75
25 SL6 16A (2712,3196) 122x68
25 SL6 17 (3333,2191) 86x79
25 SL6 17A (3376,1859) 134x77
25 SL6 17A (4443,1058) 134x77
25 SL6 17B (4977,1058) 133x77
25 SL6 17C (5509,1058) 135x77
25 SL6 17D (6041,1058) 137x77
25 SL6 18 (2729,1198) 83x58
25 SL6 19 (4466,3460) 88x76
25 SL6 20 (5322,3327) 98x75
25 SL6 21 (5722,3594) 90x76
25 SL6 22 (5382,2456) 109x82
25 SL6 23 (5257,4662) 90x69
25 SL6 23A (5170,4499) 135x67
25 SL6 24 (5389,5195) 96x77
25 SL6 24 (4456,5195) 96x77
25 SL6 25 (5889,5163) 98x76
25 SL6 26 (5523,6398) 97x75
25 SL6 27 (4923,6798) 95x77
25 SL6 28 (4522,5931) 98x75
25 SL6 29 (4657,5662) 97x77
25 SL6 30 (4455,6532) 99x72
25 SL6 30 (3122,6399) 99x72
25 SL6 31 (3922,6597) 91x76
25 SL6 32 (3522,6998) 98x77
25 SL6 33 (3888,5764) 99x73
25 SL6 34 (3256,5662) 96x76
25 SL6 35 (1789,6530) 99x74
25 SL6 35 (2322,5997) 99x74
25 SL6 36 (1655,7332) 99x73
25 SL6 37 (1390,6665) 96x77
25 SL6 SL5-47 (1797,7608) 102x63
25 SL6 SL6-51 (5401,4166) 104x51
25 SL6 SL6-89 (4140,6814) 172x49
25 SL6 T13 (591,6310) 98x51
26 SL6 5-42 (3670,1162) 111x57
26 SL6 6-166 (4301,1332) 139x57
26 SL6 38 (1168,3420) 114x88
26 SL6 39 (1507,3556) 114x89
26 SL6 40 (1844,3417) 115x92
26 SL6 41 (2115,3417) 106x92
26 SL6 42 (1183,2886) 87x68
26 SL6 43 (2120,2833) 108x131
26 SL6 44 (2319,2535) 112x92
26 SL6 45 (1844,2128) 116x92
26 SL6 46 (1166,2331) 116x92
26 SL6 47 (629,2201) 106x74
26 SL6 48 (760,2942) 116x92
26 SL6 49 (2590,3417) 116x92
26 SL6 50 (2930,3283) 114x90
26 SL6 51 (2808,2925) 82x58
26 SL6 52 (3066,2744) 100x79
26 SL6 53 (2542,1938) 79x63
26 SL6 54 (3065,2060) 111x92
26 SL6 55 (3201,703) 115x90
26 SL6 55A (3587,295) 158x91
26 SL6 56 (3940,1340) 115x93
26 SL6 57 (3133,3317) 112x92
26 SL6 58 (3269,3520) 115x90
26 SL6 59 (4082,2943) 115x90
26 SL6 60 (3608,3217) 114x88
26 SL6 61 (3946,2264) 105x91
26 SL6 62 (3641,2232) 113x89
26 SL6 63 (3302,2437) 115x88
26 SL6 64 (3212,2718) 92x60
26 SL6 65 (3336,4437) 115x90
26 SL6 66 (3167,4440) 115x87
26 SL6 67 (2930,4981) 112x91
26 SL6 68 (2760,5491) 116x87
26 SL6 69 (3620,4647) 86x72
26 SL6 70 (4016,4913) 112x91
26 SL6 71 (4558,4912) 103x92
26 SL6 72 (4016,5456) 112x91
26 SL6 73 (4558,5456) 113x91
26 SL6 74 (3009,5941) 86x69
26 SL6 75 (3008,6143) 85x70
26 SL6 76 (3338,6814) 113x91
26 SL6 77 (3338,7560) 110x92
26 SL6 78 (4491,6135) 113x91
26 SL6 79 (3948,6882) 112x91
26 SL6 80 (2570,4311) 88x75
26 SL6 81 (2116,4131) 105x91
26 SL6 82 (2116,4914) 114x89
26 SL6 83 (2232,5047) 115x92
26 SL6 84 (1813,4677) 108x100
26 SL6 85 (2457,4677) 108x100
26 SL6 86 (1777,5428) 115x92
26 SL6 87 (2638,5251) 113x94
26 SL6 88 (2125,5600) 91x70
26 SL6 89 (1312,5610) 91x75
26 SL6 90 (1574,4370) 114x90
26 SL6 91 (1303,4368) 105x93
26 SL6 92 (1032,4370) 114x91
26 SL6 93 (1574,4574) 115x88
26 SL6 94 (1486,5148) 113x94
26 SL6 95 (896,5047) 115x90
26 SL6 96 (771,5837) 93x74
26 SL6 97 (557,4641) 112x91
26 SL6 98 (218,5185) 115x89
26 SL6 SL7-1 (1675,1264) 76x55
27 SL7 1 (4840,2873) 49x84
27 SL7 1 (4841,4364) 48x84
27 SL7 2 (4832,1378) 64x86
27 SL7 3 (5537,4716) 66x85
27 SL7 4 (5378,4049) 66x86
27 SL7 4-76 (215,212) 283x142
27 SL7 5 (6949,3657) 66x84
27 SL7 6 (6320,4560) 67x84
27 SL7 6-153 (6942,4570) 316x142
27 SL7 7 (5617,2400) 62x87
27 SL7 7-119 (3217,643) 316x143
27 SL7 7-148 (7255,1311) 316x143
27 SL7 8 (6556,1850) 67x84
27 SL7 9 (6595,1142) 67x86
27 SL7 9A (6999,1535) 122x87
27 SL7 10 (6583,2557) 101x85
27 SL7 11 (3878,5149) 92x84
27 SL7 12 (4114,4441) 99x86
27 SL7 13 (3015,4992) 101x85
27 SL7 14 (2310,4127) 98x86
27 SL7 15 (3722,3697) 100x84
27 SL7 16 (2937,3697) 100x84
27 SL7 17 (2850,3110) 109x77
27 SL7 18 (3447,2791) 100x88
27 SL7 19 (3330,2006) 100x87
27 SL7 20 (4183,3066) 109x86
27 SL7 21 (3477,3223) 101x87
27 SL7 22 (2070,3500) 98x73
27 SL7 23 (2066,2243) 109x85
27 SL7 24 (1360,3263) 108x86
27 SL7 25 (4183,3774) 109x86
27 SL7 26 (5595,3576) 109x88
27 SL7 27 (5751,3027) 107x87
27 SL7 28 (6065,2320) 109x86
27 SL7 29 (5987,1300) 109x86
27 SL7 30 (3798,840) 88x63
27 SL7 31 (3320,1143) 102x85
27 SL7 32 (2614,1261) 110x87
27 SL7 33 (2614,830) 110x84
27 SL7 34 (2771,593) 109x86
27 SL7 35 (2065,1143) 110x84
27 SL7 36 (2026,516) 110x84
27 SL7 37 (1085,671) 108x88
27 SL7 38 (1281,1143) 110x84
27 SL7 39 (1124,1613) 110x87
27 SL7 SL6-39 (4667,5198) 395x143
28 SL8 1 (1605,5493) 55x62
28 SL8 2 (2280,4960) 60x77
28 SL8 3 (1244,4821) 63x76
28 SL8 4 (1984,4541) 115x150
28 SL8 4-162 (3479,3275) 283x130
28 SL8 5 (2761,4440) 63x76
28 SL8 6A (2461,4027) 110x77
28 SL8 6B (1842,4095) 109x79
28 SL8 6C (2116,3267) 111x78
28 SL8 7 (1521,4165) 59x79
28 SL8 8 (520,3820) 63x76
28 SL8 9 (1244,4025) 63x78
28 SL8 10 (1079,3289) 94x79
28 SL8 11 (1304,2577) 83x77
28 SL8 12 (2752,3474) 91x78
28 SL8 13 (2269,2577) 92x77
28 SL8 13A (1944,1632) 142x78
28 SL8 14 (1510,1919) 90x78
28 SL8 15 (1750,1333) 94x79
28 SL8 16 (2889,2508) 92x77
28 SL8 17 (3441,2508) 89x79
28 SL8 18 (3855,2092) 92x78
28 SL8 19 (3439,3610) 94x81
28 SL8 20 (3847,4166) 99x77
28 SL8 21 (4536,3923) 91x78
28 SL8 22 (4536,3301) 99x79
28 SL8 23 (4983,3613) 100x77
28 SL8 24 (4397,2678) 100x81
28 SL8 EX-14 (1027,5758) 289x145
28 SL8 EX-16 (1666,5494) 236x77
28 SL8 SL9-1 (2286,1031) 317x128
28 SL8 SL13-29 (4671,2757) 382x129
29 SL9 1 (4103,6254) 42x68
29 SL9 2 (4449,6016) 53x67
29 SL9 3 (4448,5367) 55x65
29 SL9 3 (5421,4825) 55x64
29 SL9 3 (4556,4825) 55x64
29 SL9 4 (4852,5473) 52x68
29 SL9 4-51B (466,1652) 248x119
29 SL9 5 (4286,5745) 55x65
29 SL9 6 (4015,5587) 56x61
29 SL9 6-32 (3720,474) 211x109
29 SL9 7 (5369,5745) 51x68
29 SL9 7-111 (6170,1342) 225x106
29 SL9 8 (6176,6070) 56x64
29 SL9 9 (6852,5745) 56x65
29 SL9 9-119 (6920,1967) 232x106
29 SL9 10 (5348,5065) 80x69
29 SL9 11 (5479,5402) 70x67
29 SL9 12 (5872,5257) 78x68
29 SL9 13 (6169,5582) 79x67
29 SL9 14 (5601,6014) 75x68
29 SL9 15 (5034,4987) 79x67
29 SL9 16 (5358,4445) 79x67
29 SL9 17 (5899,4743) 77x68
29 SL9 18 (4818,4554) 79x67
29 SL9 19 (4277,4824) 79x67
29 SL9 20 (3677,5150) 84x67
29 SL9 21 (4434,3743) 77x68
29 SL9 22 (4698,4192) 81x105
29 SL9 23 (4866,3905) 85x67
29 SL9 24 (4866,3632) 81x69
29 SL9 25 (5190,4066) 85x68
29 SL9 26 (5947,3309) 85x69
29 SL9 27 (6109,4283) 83x68
29 SL9 27A (6496,3605) 123x70
29 SL9 28 (4440,4230) 85x67
29 SL9 29 (4109,4177) 85x67
29 SL9 30 (3785,4094) 86x62
29 SL9 31 (3784,3660) 78x67
29 SL9 32 (4000,2119) 85x68
29 SL9 32 (4433,2986) 85x67
29 SL9 33 (4108,2959) 86x64
29 SL9 34 (4703,3119) 82x68
29 SL9 35 (5135,2876) 86x65
29 SL9 36 (5351,2715) 86x65
29 SL9 37 (6783,1948) 84x69
29 SL9 38 (4243,2201) 86x64
29 SL9 39 (4487,2661) 86x64
29 SL9 40 (3945,2496) 86x69
29 SL9 41 (4198,2402) 79x68
29 SL9 41A (4531,2355) 104x61
29 SL9 42 (3567,2442) 86x69
29 SL9 43 (5134,2090) 87x70
29 SL9 44 (5458,1955) 83x68
29 SL9 44A (5278,1770) 125x70
29 SL9 45 (5837,1630) 87x68
29 SL9 46 (5026,1522) 87x68
29 SL9 47 (5404,764) 85x69
29 SL9 48 (5837,1089) 87x68
29 SL9 49 (6053,1277) 87x70
29 SL9 50 (4162,1523) 86x65
29 SL9 51 (3784,1631) 77x67
29 SL9 52 (3892,1036) 85x68
29 SL9 53 (3784,711) 86x65
29 SL9 54 (3352,4282) 82x68
29 SL9 54 (2919,3632) 82x68
29 SL9 54 (2811,2984) 82x68
29 SL9 55 (2702,4011) 86x67
29 SL9 56 (3271,3391) 86x66
29 SL9 57 (2973,2254) 84x68
29 SL9 58 (2865,2118) 86x66
29 SL9 58A (2702,1826) 88x56
29 SL9 59 (2487,2876) 86x65
29 SL9 60 (2324,2554) 86x64
29 SL9 61 (2324,2768) 79x67
29 SL9 62 (2324,2986) 86x67
29 SL9 63 (2324,3202) 87x65
29 SL9 64 (2216,2226) 83x68
29 SL9 65 (1892,2064) 87x66
29 SL9 66 (1621,2881) 88x59
29 SL9 67 (1621,3526) 85x68
29 SL9 68 (865,2986) 87x65
29 SL9 69 (865,3419) 87x65
29 SL9 70 (435,2985) 83x68
29 SL9 71 (868,2552) 76x68
29 SL9 72 (1408,1794) 83x68
29 SL9 73 (976,2010) 84x68
29 SL9 74 (868,1468) 80x69
29 SL9 75 (217,1880) 78x56
29 SL9 76 (435,1361) 84x68
29 SL9 77 (1949,1577) 82x68
29 SL9 78 (1678,982) 84x68
29 SL9 79 (1751,484) 85x72
29 SL9 SL5-25 (7331,5375) 287x106
29 SL9 SL8-15 (3932,6440) 287x105
30 SL10A 1 (1676,6996) 39x62
30 SL10A 2 (1532,6582) 47x56
30 SL10A 3 (2232,6443) 40x43
30 SL10A 4 (739,6437) 48x60
30 SL10A 5 (463,6123) 47x42
30 SL10A 6 (2506,6119) 51x49
30 SL10A 6-39H (2543,1224) 209x101
30 SL10A 7 (886,4297) 40x58
30 SL10A 7 (2467,4483) 40x58
30 SL10A 7 (979,5321) 40x58
30 SL10A 7 (2095,5321) 40x58
30 SL10A 7 (1537,6066) 40x58
30 SL10A 8 (1136,6512) 52x62
30 SL10A 8-56 (1463,7234) 182x96
30 SL10A 8-82 (3263,5159) 182x97
30 SL10A 9 (2932,5199) 53x61
30 SL10A 9-99A (860,7322) 206x97
30 SL10A 10 (348,4107) 72x62
30 SL10A 11 (1153,5693) 60x59
30 SL10A 11 (1897,5693) 60x59
30 SL10A 12 (1525,5693) 67x59
30 SL10A 13 (1571,5135) 68x57
30 SL10A 14 (1571,4457) 66x61
30 SL10A 15 (1571,4017) 68x59
30 SL10A 16 (1571,3413) 68x59
30 SL10A 17 (1571,3086) 65x59
30 SL10A 18 (2502,2295) 68x59
30 SL10A 19 (1106,3459) 69x59
30 SL10A 20 (496,3462) 75x56
30 SL10A 21 (496,2853) 66x59
30 SL10A 22 (932,2624) 36x57
30 SL10A 23 (589,2482) 74x57
30 SL10A 24 (589,1873) 72x61
30 SL10A 25 (402,2530) 75x57
30 SL10A 26 (1565,2205) 74x56
30 SL10A 27 (1240,1688) 71x59
30 SL10A 27 (1891,1688) 71x59
30 SL10A 28 (1565,1645) 74x56
30 SL10A 29 (2426,1599) 74x56
30 SL10A 30 (1579,1318) 61x53
30 SL10A 31 (1579,1130) 52x57
30 SL10A 32 (1579,852) 59x57
30 SL10A 33 (1161,900) 59x54
30 SL10A 34 (626,1151) 58x60
30 SL10A SL10B (1453,4701) 287x53
31 SL10B 1 (5397,2488) 52x90
31 SL10B 2 (5388,2235) 68x89
31 SL10B 3 (3282,1604) 70x91
31 SL10B 3 (4461,4175) 70x91
31 SL10B 3 (2272,6704) 70x91
31 SL10B 3 (1009,1731) 70x90
31 SL10B 3 (5471,1815) 70x90
31 SL10B 3 (2356,4092) 70x90
31 SL10B 4 (3196,1390) 71x90
31 SL10B 5 (3366,2150) 70x92
31 SL10B 6 (2861,1981) 70x93
31 SL10B 7 (673,1814) 66x91
31 SL10B 8 (1009,1183) 68x77
31 SL10B 9 (2693,3921) 69x90
31 SL10B 10 (2679,4342) 107x92
31 SL10B 11 (2426,4511) 100x90
31 SL10B 12 (2174,4679) 107x90
31 SL10B 13 (1921,4511) 108x92
31 SL10B 14 (1753,4257) 107x91
31 SL10B 15 (1753,3920) 108x92
31 SL10B 16 (2258,3668) 108x92
31 SL10B 17 (4868,4006) 105x92
31 SL10B 18 (4784,4511) 108x92
31 SL10B 19 (4489,4511) 107x91
31 SL10B 20 (4185,4512) 116x90
31 SL10B 21 (3933,4427) 109x90
31 SL10B 22 (3933,4007) 116x89
31 SL10B 23 (4101,3669) 117x91
31 SL10B 24 (4354,3498) 116x91
31 SL10B 25 (4606,3668) 117x92
31 SL10B 26 (2165,7124) 117x92
31 SL10B 27 (1744,6620) 114x91
31 SL10B 28 (2165,6282) 117x91
31 SL10B 29 (2586,6620) 116x90
31 SL10B 30 (4353,6366) 117x93
31 SL10B SL10A-15 (4335,2909) 286x92
32 SL11 1 (736,2978) 38x67
32 SL11 2 (1061,2980) 54x66
32 SL11 2-50 (138,2955) 176x114
32 SL11 3 (1032,3342) 55x64
32 SL11 4 (1170,3977) 54x70
32 SL11 5 (1449,2866) 55x67
32 SL11 5 (1893,2866) 55x67
32 SL11 6 (2392,2982) 56x62
32 SL11 7 (2949,2978) 52x68
32 SL11 8 (3392,2980) 56x64
32 SL11 9 (1392,1981) 47x53
32 SL11 10 (1607,1586) 79x70
32 SL11 10 (2052,1671) 79x68
32 SL11 11 (2996,1309) 72x68
32 SL11 12 (4773,2254) 79x69
32 SL11 12 (4885,4368) 78x68
32 SL11 13 (4774,1699) 78x67
32 SL11 14 (5332,2259) 66x52
32 SL11 14 (5173,4227) 78x70
32 SL11 15 (4775,2816) 69x59
32 SL11 16 (4217,2253) 83x70
32 SL11 16 (4596,4229) 79x68
32 SL11 17 (4885,4107) 68x60
32 SL11 17 (5219,363) 76x69
32 SL11 18 (4774,530) 78x67
32 SL11 19 (4799,4567) 72x56
32 SL11 19 (2442,5481) 78x67
32 SL11 19A (2423,5827) 129x82
32 SL11 20 (2434,5038) 86x66
32 SL11 21 (2434,6370) 78x68
32 SL11 22 (4167,4592) 86x68
32 SL11 22 (1434,5706) 86x66
32 SL11 23 (5583,4592) 86x68
32 SL11 23 (3433,5706) 86x66
32 SL11 24 (4877,4812) 84x70
32 SL11 24 (3600,6703) 84x69
32 SL11 AV-20 (4627,732) 142x110
33 SL12 1 (842,4274) 43x77
33 SL12 2 (2053,4682) 60x76
33 SL12 3 (2052,3969) 62x76
33 SL12 3-22A (4753,3706) 286x127
33 SL12 4 (3271,4952) 61x77
33 SL12 4-175A (6603,5063) 315x126
33 SL12 4A (3112,4558) 109x78
33 SL12 5 (5847,2373) 62x76
33 SL12 5-103 (79,3943) 209x127
33 SL12 6 (5847,2780) 62x76
33 SL12 6-161A (5552,5606) 315x127
33 SL12 7 (6459,2577) 58x77
33 SL12 8 (6322,2273) 62x74
33 SL12 8-54 (4737,2077) 248x126
33 SL12 9 (6322,2884) 62x73
33 SL12 10 (6177,4206) 89x76
33 SL12 11 (5635,4206) 81x76
33 SL12 12 (6110,4546) 89x77
33 SL12 13 (5972,5088) 92x77
33 SL12 14 (6110,3865) 88x77
33 SL12 15 (6516,3866) 90x76
33 SL12 16 (2043,3052) 90x76
33 SL12 17 (1568,3052) 87x78
33 SL12 18 (3534,2917) 90x77
33 SL12 19 (4347,3052) 90x76
33 SL12 20 (4474,3594) 99x80
33 SL12 21 (4440,2203) 92x78
33 SL12 22 (3050,2577) 98x78
33 SL12 23 (2034,2781) 99x77
33 SL12 24 (1695,2304) 97x78
33 SL12 25 (2847,2237) 99x77
33 SL12 26 (2508,2102) 99x77
33 SL12 27 (3186,2102) 96x78
33 SL12 28 (2034,1424) 99x76
34 SL13 1 (1005,5690) 42x70
34 SL13 1 (2561,5766) 42x70
34 SL13 2 (1642,5150) 54x70
34 SL13 3 (2801,4803) 56x67
34 SL13 4 (1003,4975) 55x70
34 SL13 4-168 (214,3125) 246x113
34 SL13 5 (1786,4918) 56x67
34 SL13 6 (1640,3993) 57x64
34 SL13 6-144 (5111,104) 243x118
34 SL13 7 (773,4454) 53x70
34 SL13 7-59 (5472,2948) 221x118
34 SL13 8 (423,4455) 57x66
34 SL13 9 (481,3669) 58x69
34 SL13 9-44 (4486,2309) 218x120
34 SL13 10 (1632,4454) 82x69
34 SL13 10A (1149,4367) 52x54
34 SL13 10B (1267,4374) 45x46
34 SL13 10C (1385,4372) 46x49
34 SL13 10D (1844,4370) 52x56
34 SL13 10E (1965,4370) 47x51
34 SL13 10F (2078,4369) 50x56
34 SL13 10G (1152,4488) 47x50
34 SL13 10H (1265,4489) 53x50
34 SL13 10I (1388,4488) 38x53
34 SL13 10J (1848,4485) 42x53
34 SL13 10K (1961,4484) 49x57
34 SL13 10L (2076,4483) 51x59
34 SL13 11 (2501,4483) 74x69
34 SL13 12 (2908,3989) 81x70
34 SL13 13 (2791,3118) 82x70
34 SL13 14 (2385,2188) 80x70
34 SL13 15 (2269,1783) 82x69
34 SL13 16 (3023,2422) 82x69
34 SL13 17 (2849,1841) 80x70
34 SL13 18 (3197,1610) 82x69
34 SL13 19 (3429,1841) 82x69
34 SL13 20 (3539,2829) 88x69
34 SL13 21 (3828,1377) 80x70
34 SL13 22 (3828,851) 97x78
34 SL13 23 (4466,798) 88x69
34 SL13 24 (4466,1840) 86x71
34 SL13 25 (4814,1610) 88x70
34 SL13 26 (4812,1081) 87x77
34 SL13 27 (4814,505) 86x72
34 SL13 28 (3596,3931) 88x71
34 SL13 29 (3434,3895) 89x72
34 SL13 30 (4378,3147) 89x69
34 SL13 31 (4610,2771) 81x69
34 SL13 32 (4260,2322) 89x73
34 SL13 33 (5305,2915) 89x70
34 SL13 34 (4494,4046) 87x70
34 SL13 35 (4986,3699) 89x68
34 SL13 36 (3711,4686) 89x67
34 SL13 37 (4233,5208) 87x70
34 SL13 37A (3546,5091) 129x70
34 SL13 37B (3924,4947) 128x70
34 SL13 38 (4059,4512) 89x67
34 SL13 39 (3943,6080) 89x67
34 SL13 EX-17 (2825,7031) 362x139
34 SL13 SL8-24 (3198,3994) 301x119
34 SL13 T20 (3821,4225) 102x61
35 SL14 1 (2050,5080) 83x121
35 SL14 2 (2384,4261) 80x109
35 SL14 3 (1606,4261) 83x111
35 SL14 4 (3158,4259) 86x111
35 SL14 5 (3050,3816) 82x111
35 SL14 6 (2383,3148) 82x112
35 SL14 7 (1830,3372) 78x111
35 SL14 8 (2938,3371) 84x111
35 SL14 9 (2717,2146) 82x112
35 SL14 10A (2100,1257) 216x112
35 SL14 10B (1557,1023) 209x112
35 SL14 10C (1433,478) 215x112
35 SL14 10D (2320,923) 216x112
35 SL14 10E (1439,1812) 205x112
35 SL14 11 (5581,1478) 129x112
35 SL14 12 (4693,1868) 136x111
35 SL14 13 (4804,700) 138x113
35 SL14 14 (5970,643) 138x111
35 SL14 AV-34 (2317,5659) 348x93
35 SL14 T24 (1449,3378) 171x92
35 SL14 T25 (3227,3379) 172x92
36 SL15 1 (7278,5600) 56x89
36 SL15 2 (7152,5274) 65x87
36 SL15 2-33 (7428,5776) 296x149
36 SL15 3 (6413,5417) 67x88
36 SL15 4 (6087,5435) 69x90
36 SL15 5 (5369,4556) 71x82
36 SL15 6 (4987,4468) 68x86
36 SL15 7 (5029,5111) 64x88
36 SL15 8 (4946,5601) 68x87
36 SL15 8-60 (7444,3649) 297x147
36 SL15 9 (4456,4619) 69x87
36 SL15 10 (2975,4456) 104x87
36 SL15 11 (4661,3482) 96x87
36 SL15 12 (6771,3786) 108x89
36 SL15 13 (6443,2576) 103x87
36 SL15 14 (6660,1744) 108x91
36 SL15 15 (4459,2164) 104x88
36 SL15 16 (2891,2642) 103x89
36 SL15 17 (2975,2004) 101x88
36 SL15 18 (3208,1185) 104x87
36 SL15 19 (2291,1389) 104x87
36 SL15 20 (2443,941) 112x87
36 SL15 21 (1502,941) 104x87
36 SL15 AV-27 (6102,5554) 239x164
36 SL15 AV-44 (4253,4737) 216x157
36 SL15 AV-45 (2817,4581) 224x158
36 SL15 AV-46 (1682,939) 249x90